image_filename	landform	dive	date	lat	lon	depth	aspect_10cm	planCurvature_10cm	profileCurvature_10cm	roughness_10cm	slope_10cm	aspect_1m	planCurvature_1m	profileCurvature_1m	roughness_1m	slope_1m	aspect_20cm	planCurvature_20cm	profileCurvature_20cm	slope_20cm	aspect_2m	planCurvature_2m	profileCurvature_2m	roughness_2m	slope_2m	roughness_20cm	aspect_25m	planCurvature_25m	profileCurvature_25m	roughness_25m	slope_25m
HOTKEY_2019_04_03_at_22_23_26_IMG_0006.jpg	Broad slope	81-1	2019-04-03	-61.20784167	-50.71804467	1463.83	170.653717	2.491657972				165.1968384	-0.028461933	0.033781473	0.719970703	16.62600899	189.1254578	-5.293635368	-0.373989999	11.0960207	168.7868042	-0.00160772	0.011595469	1.300048828	15.45712662	0.109985352	278.8570557	-0.000948524	-0.002413834	18.25	19.16119957
TIMER_2019_03_23_at_20_50_01_IMG_0221.jpg	Broad slope	39-1	2019-03-23	-61.90387383	-53.27528217	1089.97	237.1469116	0.049828272	-0.976948082	0.132568359	24.86965752	218.9074402	0.024007306	-0.007356361	1.310058594	26.54455376	237.8180084	-0.151488215	-0.673119545	21.74186897	218.512634	0.010929	0.001019	2.79248	25.237024	0.239990234	235.7031555	-0.001610736	-0.015136525	21.54992676	22.30109215
TIMER_2019_03_24_at_00_00_35_IMG_1009.jpg	Broad slope	39-1	2019-03-24	-61.9084935	-53.22246683	1344	353.4248352	0.167430609	0.588154674	0.04309082	11.15669918	10.21670723	0.035063285	0.006667227	0.539916992	13.08576679	358.4497986	0.206826091	0.649438202	13.02105522	18.32151604	0.00549862	0.012399604	1.037597656	11.43627357	0.099975586	19.06130791	-0.007386803	0.003415275	10.73999023	13.67401695
TIMER_2019_03_24_at_00_46_17_IMG_1197.jpg	Broad slope	39-1	2019-03-24	-61.91791433	-53.22415783	1326.06	334.8909607	-0.156894073	0.752889037	0.125	25.17257881	329.0855408	-0.009537679	-0.004626099	1.25	24.23576164	333.8250427	-0.047506984	0.763499022	22.34006882	327.088562	-0.010994814	-0.006280676	2.502563477	24.35432053	0.220092773	324.7514954	-0.002355775	-0.003281928	23.44995117	25.83809662
TIMER_2019_03_24_at_01_19_45_IMG_1332.jpg	Broad slope	39-1	2019-03-24	-61.923005	-53.22912283	1294.3	302.0520935	0.034582663	-0.874249518	0.058227539	11.22141838	301.9190674	-0.013158056	0.012301599	0.770019531	14.451684	320.4136047	-0.606844485	0.0297943	10.5594492	314.6351013	-0.010765767	0.048170492	1.41003418	13.71053028	0.130004883	284.2105713	0.004811987	-0.00066619	15.01989746	20.5728302
TIMER_2019_03_24_at_02_38_42_IMG_1644.jpg	Broad slope	39-1	2019-03-24	-61.91634117	-53.25486967	1291.39	181.3691101	0.338374615	1.08804965	0.114990234	29.33551025	187.3166046	-0.042523786	0.060173262	1.140014648	26.5811348	183.8165436	0.502232671	1.132288933	25.17093468	186.7918701	0.01817397	0.016980138	2.16003418	25.61558151	0.200073242	200.4216919	-0.005141839	0.010210215	22.80993652	27.04322052
TIMER_2019_03_24_at_03_12_14_IMG_1781.jpg	Broad slope	39-1	2019-03-24	-61.91401183	-53.26341233	1358.29	274.9339905	0.158441439	0.484563589	0.084350586	20.34424019	255.9589539	0.140898332	0.03414987	0.680053711	17.18383408	268.8756104	0.294619203	0.451332003	17.6831913	252.6199646	-0.000376466	-0.012450758	1.327514648	14.7144928	0.16003418	228.3087311	0.009920622	0.011113732	11.16003418	12.71410561
TIMER_2019_03_24_at_05_26_52_IMG_2313.jpg	Broad slope	39-1	2019-03-24	-61.90258067	-53.29151683	1036.99	298.3054199	-0.556708336	0.387782127	0.135620117	26.92140388	300.5700684	-0.076204911	-0.015679397	1.200073242	23.39473915	294.0963745	-0.565527141	0.268197268	27.49395561	303.6090088	0.004784973	0.002279835	2.33996582	22.86724663	0.260009766	333.3152466	0.014348811	0.005603152	14.81994629	18.01842499
TIMER_2019_03_24_at_06_37_11_IMG_2588.jpg	Broad slope	39-1	2019-03-24	-61.89572233	-53.30755767	783.68	355.6829224	0.232658133	-0.70986563	0.032531738	8.871290207	321.46875	0.018810686	0.04547435	0.510009766	9.791528702	349.9920349	0.165725812	-0.655673325	6.163887501	323.7244263	0.004578669	0.001726665	1.002563477	10.23958492	0.050048828	304.1503296	-0.001113107	-0.000476712	8.209960938	9.522867203
TIMER_2019_03_24_at_07_47_51_IMG_2917.jpg	Broad slope	39-1	2019-03-24	-61.8881815	-53.32798817	623.28	267.0596313	0.212558582	-0.50448221	0.079956055	20.844347	273.4218445	0.087783657	-0.042355262	0.710021973	17.44893646	268.9507446	0.194580719	-0.455359101	18.9690609	265.5193787	0.020715272	-0.015873674	1.372497559	16.80501175	0.139953613	245.7192688	0.002156462	0.002149273	5.260009766	6.49725008
TIMER_2019_03_24_at_07_53_01_IMG_2947.jpg	Broad slope	39-1	2019-03-24	-61.886838	-53.327846	611.6	235.3590546	-0.179616064	-0.02995606	0.03125	6.978691578	219.1168518	-0.020834731	-0.012172999	0.350036621	6.890402794	229.770874	-0.083534829	-0.24397397	6.072079182	222.0636902	-0.005822532	-0.020030927	0.807495117	7.860950947	0.049987793	245.6236877	-0.002243075	-0.003994652	2.039978027	2.915960073
TIMER_2019_03_24_at_08_05_49_IMG_3019.jpg	Broad slope	39-1	2019-03-24	-61.88443217	-53.32688883	594.72	195.8913727	-0.300310761	0.3835226	0.025024414	5.712268829	244.1707458	-0.0273261	0.000686123	0.239990234	4.920134544	204.4295807	-0.263490707	0.344197035	4.320048332	242.7387848	-0.005258211	-0.000119616	0.492553711	5.262635708	0.039978027	219.7256622	0.001313523	0.000587993	2.320007324	3.064614296
TIMER_2019_03_24_at_08_09_03_IMG_3037.jpg	Broad slope	39-1	2019-03-24	-61.88377583	-53.32653667	589.46	207.4094543	-0.325039029	-0.303403676	0.04309082	8.687854767	207.5129547	-0.077724695	-0.037219409	0.399963379	7.705117702	215.0014038	-0.245307386	-0.322401524	8.674283028	226.6122894	0.0097899	-0.00332819	0.702514648	7.169067383	0.100036621	227.1173401	-0.003029626	-0.00258184	2.599975586	3.176761866
TIMER_2019_03_24_at_08_12_15_IMG_3055.jpg	Broad slope	39-1	2019-03-24	-61.88297	-53.32625683	585.59	236.3950195	0.258043706	0.352370113	0.043762207	8.907687187	239.0403595	-0.034389216	-0.021944351	0.210021973	4.16906786	235.6236115	0.260422826	0.230679438	8.192764282	254.6990356	-0.000696431	-0.004283193	0.309997559	3.827433348	0.090026855	265.5643616	-0.000706036	0.00082305	3.229980469	4.875042439
TIMER_2019_03_24_at_08_13_21_IMG_3061.jpg	Broad slope	39-1	2019-03-24	-61.8826755	-53.3262505	583.08	228.5227661	0.105987526	0.437613279	0.021240234	4.117889404	252.7008514	0.025603451	0.017563187	0.199951172	4.565077782	234.4717712	0.149042383	0.267165333	3.077476978	255.1489563	0.001285519	0.003904155	0.417480469	4.427179813	0.039978027	253.0101624	0.000136321	-0.003112012	1.609985352	2.187917948
TIMER_2019_03_24_at_08_19_03_IMG_3094.jpg	Broad slope	39-1	2019-03-24	-61.88086617	-53.32585783	569.44	267.5214539	-0.316369832	-0.391947538	0.079345703	20.77208138	275.0382996	-0.030000083	-0.061627984	0.720031738	18.13432503	265.5979919	-0.338740051	-0.305700064	22.17304611	278.5058594	0.027275296	-0.025826519	1.369995117	17.64189339	0.170043945	278.7894592	-0.000270446	0.005508675	1.959960938	2.851465464
TIMER_2019_03_24_at_08_21_46_IMG_3109.jpg	Broad slope	39-1	2019-03-24	-61.8798735	-53.32576767	564.48	273.2892456	0.00924742	0.261271656	0.003112793	0.761820078	264.2824707	0.001267741	0.028550079	0.129943848	2.875991344	281.3639221	0.027179362	0.30447939	1.818552136	254.5153046	0.010673922	0.007593775	0.342529297	3.516623259	0.019958496	315	0.000120366	-0.000601893	1.41003418	1.732345939
TIMER_2019_03_24_at_08_55_34_IMG_3269.jpg	Broad slope	39-1	2019-03-24	-61.8668035	-53.326317	527.6	267.021973	-0.008405	-0.260081	0.003052	0.757217	288.434937	-0.02066	-0.027409	0.51001	11.179986	270	0	-0.250009	9.735	300.032257	0.017125	-0.010634	1.537476	15.992326	0.039978	270	-0.000549316	-0.001255061	1.260009766	1.162827253
TIMER_2019_03_24_at_09_32_56_IMG_3435.jpg	Broad slope	39-1	2019-03-24	-61.86183	-53.333219	508.87	14.36659431	-0.034040134	0.660804868	0.039367676	8.757479668	8.52499485	-0.080056481	-0.019791732	0.120025635	2.89472723	9.998590469	-0.396649987	0.720004976	6.157129765	344.8345032	0.002861436	0.020052895	0.115020752	0.992441714	0.059997559	261.4312744	0.000953707	0.003198403	1.819976807	2.145456314
TIMER_2019_03_31_at_05_43_13_IMG_0236.jpg	Broad slope	69-1	2019-03-31	-61.19532917	-51.01487317	2042.2	12.52880859	1.248676896	-0.811347306	0.099853516	24.76989365	331.8192139	0.073495068	-0.033459105	0.520019531	11.38477898	351.2376709	-1.583828092	-0.523995221	9.328705788	329.7284546	0.000543431	0.003305967	1.300048828	13.11996365	0.110107422	188.1004639	-0.002932786	0.002333126	6.109863281	8.803489685
TIMER_2019_03_31_at_11_58_16_IMG_0478.jpg	Broad slope	69-1	2019-03-31	-61.20336583	-51.032211	2035.54	232.1465759	4.693616867	-0.330231041	0.030029297	8.095046043	232.9617462	-2.909850359	-0.022677165	0.079956055	0.714065135	280.9886475	-0.89442718	0.174351394	1.833995581	28.66395569	-1.369612932	-0.00964022	0.140014648	0.896661103	0.020019531	352.0432434	-0.000865555	-0.003829389	1.819946289	2.728240728
TIMER_2019_03_31_at_13_24_55_IMG_0831.jpg	Broad slope	69-1	2019-03-31	-61.200767	-51.06385233	2126.39	332.3837585	-2.28546977	-1.528592825	0.070068359	16.57162476	24.05252838	0.136650771	-0.069132335	0.860107422	18.32756233	25.37155914	-0.122712761	0.360944539	14.68665028	6.413696289	0.017753152	-0.002921944	1.560058594	18.85466576	0.129882813	38.58354187	-0.013643749	-0.008468293	14.38989258	17.18134308
TIMER_2019_03_31_at_13_56_53_IMG_0959.jpg	Broad slope	69-1	2019-03-31	-61.20190067	-51.07277317	2086.29	160.8209839	40	0	0.060058594	6.780875206	129.9243927	-0.03153915	-0.024189614	1.489990234	27.47559929	115.8898773	-0.277518034	-0.091896832	25.94033051	127.0865326	0.008555009	0.001475505	2.890136719	26.87992096	0.280029297	314.5403137	0.020600719	0.019415207	17.82983398	20.33626366
TIMER_2019_03_31_at_13_58_27_IMG_0966.jpg	Broad slope	69-1	2019-03-31	-61.20112033	-51.07432633	2020.86	116.1026459	-12.19079113	-0.188319117	0.25	35.38460159	148.0365601	0.032360461	-0.007949394	2.58996582	43.93587494	153.4095154	-2.666009665	0.653889298	31.59040833	148.1055603	0.0380507	-0.024418466	4.420043945	38.89807129	0.380004883	334.5448608	-0.024026172	-0.016442327	27.80004883	30.71962357
TIMER_2019_04_04_at_02_08_22_IMG_0040.jpg	Broad slope	81-1	2019-04-04	-61.180066	-50.71825067	1014.06	201.8497009	3.171938181	0.478790462	0.029968262	7.659032822	211.0948792	0.048316792	-0.005029877	0.539978027	11.62973404	218.2806091	-0.44801423	0.059991382	8.599671364	208.3517456	0.01783785	0.001370813	1.059997559	11.16755772	0.08996582	241.6877594	0.002197656	0.003215663	10.67004395	13.80066395
TIMER_2019_04_04_at_02_28_04_IMG_0118.jpg	Broad slope	81-1	2019-04-04	-61.17766567	-50.7190195	970.97	267.568512	3.336724281	0.876924992	0.059997559	16.05236053	187.1785889	-0.235125065	0.074394949	0.559997559	10.77137375	218.7052917	-0.9872576	-0.164725333	13.50026035	220.1551666	0.030636691	-0.001178932	1.440002441	14.09188366	0.159973145	257.8901978	0.00344085	0.007214649	15.16998291	17.09536552
TIMER_2019_04_04_at_02_55_53_IMG_0225.jpg	Broad slope	81-1	2019-04-04	-61.17512033	-50.719316	899.51	185.4434814	-0.859518886	-1.874693274	0.120056152	27.8155365	206.9300842	-0.104365006	0.00719282	0.719970703	14.99078178	192.7809143	-1.762427449	-0.22092925	15.74948215	206.8153839	-0.018235223	-0.00248452	1.369995117	14.45116615	0.130004883	243.5076447	-0.009291384	-0.018886955	10.88000488	14.34852314
TIMER_2019_04_04_at_03_25_46_IMG_0074.jpg	Broad slope	81-1	2019-04-04	-61.17244883	-50.72075517	848.62	220.8078003	-4.638454437	1.518777966	0.069946289	13.92623234	195.9013367	-0.044390853	-0.006029249	0.5	11.10380554	192.5370331	1.056773305	0.120489061	12.98259258	196.9937744	-0.021535294	-0.006836691	0.950012207	10.65898323	0.110046387	252.932312	-0.001870479	-0.013606323	6.030029297	7.875290394
TIMER_2019_04_04_at_04_24_04_IMG_0024.jpg	Broad slope	81-1	2019-04-04	-61.16846383	-50.72043833	773.48	198.4349518	-2.717753887	-0.279646963	0.059997559	13.35492706	185.6741486	0.110565759	-0.017593976	0.470031738	12.12447357	215.5490265	1.768966198	-0.270371288	15.04317665	184.3113403	0.042235289	-0.018844603	1.100036621	14.00683212	0.119995117	247.9140472	0.004930655	0.015502452	7.729980469	9.844261169
TIMER_2019_04_04_at_05_18_49_IMG_0240.jpg	Broad slope	81-1	2019-04-04	-61.17278283	-50.70937517	826.67	168.6810913	1.755185127	-1.361491323	0.16003418	20.93188667	184.6400299	-0.129199788	-0.006898889	0.200012207	5.302030087	98.97262573	5	0	6.859431267	186.9071045	-0.007719005	0.000601205	0.380004883	4.750787258	0.090026855	261.8879395	-0.001067115	0.001158987	5.119995117	7.376786232
TIMER_2019_03_23_at_18_47_49_IMG_0108.jpg	Depression	39-1	2019-03-23	-61.914615	-53.32330367	1282.58	283.5090942	-0.301849753	0.425139159	0.018798828	4.37032032	306.5763245	0.004659566	0.021747798	0.260009766	5.511160374	307.7671814	-0.03244685	0.034302674	4.068593025	311.8198242	-0.007300466	-0.00140108	0.587524414	5.686735153	0.049926758	253.5589142	-0.004418434	-0.009604031	9.329956055	10.30702305
TIMER_2019_03_23_at_18_49_22_IMG_0114.jpg	Depression	39-1	2019-03-23	-61.91442967	-53.32333883	1279.33	270	0	-0.249263123	0.02746582	7.819466114	274.1119385	-0.049022246	0.056611978	0.459960938	10.85371208	270	0	-0.241526261	7.114686012	271.8291321	-0.00135554	0.03000273	0.747558594	9.191810608	0.049926758	247.5578613	-0.011655655	0.008438469	8.989990234	9.89941597
TIMER_2019_03_23_at_19_13_17_IMG_0233.jpg	Depression	39-1	2019-03-23	-61.91101233	-53.31373133	1137.47	319.4955139	-0.057289388	0.134646371	0.118164063	22.84213448	316.4516907	-0.030952927	-0.028456785	1.009887695	19.20722771	318.9942932	0.012230644	0.122959957	20.85898781	319.8534851	-0.011870838	-0.012046574	1.977416992	19.6824379	0.210083008	280.1139221	-0.010838187	-0.020664629	8.769897461	11.02578068
TIMER_2019_03_23_at_19_28_06_IMG_0296.jpg	Depression	39-1	2019-03-23	-61.90965683	-53.30292633	1056.31	249.1529236	-0.43465966	-0.008267587	0.12121582	25.39118576	253.9032898	-0.033807456	-0.054682486	1.33996582	27.60916328	252.5419006	-0.414857119	-0.033888232	24.63211441	253.7343292	0.006733922	0.022289371	2.362548828	25.65643692	0.219970703	255.1764832	-0.006285821	-0.027715061	13.05993652	16.73272514
TIMER_2019_03_23_at_20_46_39_IMG_0205.jpg	Depression	39-1	2019-03-23	-61.90485633	-53.27688417	1147.94	212.0085144	0.270380378	0.404440373	0.084960938	16.47030067	225.541748	0.020774147	0.055676762	1.110107422	20.63505173	204.8616486	0.583659947	-0.093565531	15.76770878	230.5494232	0.000135797	-0.004649574	2.205078125	21.57455826	0.169921875	222.2253113	-0.010397791	-0.005784995	16.84997559	19.0440464
TIMER_2019_03_24_at_05_39_14_IMG_2360.jpg	Depression	39-1	2019-03-24	-61.90130983	-53.29429	996.68	315.6357117	-1.523890495	-0.611504018	0.105651855	21.255476	315.4253845	-0.098179489	-0.134266779	0.649963379	13.32724094	316.6282959	-1.359886885	-1.011569142	17.19534111	322.5631104	-0.035255484	-0.027109975	1.277526855	12.49385834	0.159973145	327.6202087	0.011233049	0.015836688	11.29998779	16.32027626
TIMER_2019_03_24_at_05_55_30_IMG_2423.jpg	Depression	39-1	2019-03-24	-61.89961033	-53.29857467	947.85	290.4228516	1.020334601	0.530923247	0.123779297	26.53646278	308.4370728	-0.046208356	-0.11727868	1.130004883	21.90764236	296.2527466	0.999100268	0.260401726	27.59626389	310.7189636	0.001619053	-0.037446138	2.274963379	23.37956047	0.25	6.400794506	-0.001617542	0.002734547	12	15.24118328
TIMER_2019_03_24_at_05_59_37_IMG_2439.jpg	Depression	39-1	2019-03-24	-61.89912033	-53.29952733	934.64	315	1.163052797	-0.107995994	0.067443848	12.80775261	319.6165771	0.047271337	0.048199508	0.820007324	15.93585968	323.1283569	0.861430109	0.408833921	14.03171825	317.2360535	-0.022269437	-0.003095624	1.58001709	14.89741802	0.159973145	342.7223206	0.00930648	-0.013586801	16.01000977	20.30625534
TIMER_2019_03_24_at_06_13_23_IMG_2494.jpg	Depression	39-1	2019-03-24	-61.89773667	-53.30264833	874.95	26.28927231	0.153320208	0.914376438	0.12689209	25.07275963	37.30199051	-0.064833015	-0.012880486	1	18.26323318	24.54860115	0.055486858	1.012876749	29.10022163	49.05509949	-0.027252212	0.005011173	2.105041504	19.29062271	0.309997559	5.566874981	-0.004929583	-0.016304197	14.25	21.79195023
TIMER_2019_03_24_at_06_16_49_IMG_2508.jpg	Depression	39-1	2019-03-24	-61.8974775	-53.30339383	860.09	18.89797592	0.08897692	-0.511873245	0.10369873	22.39134407	12.45413589	-0.034471426	-0.08940807	1.50994873	32.51745224	14.23376751	0.129413769	-0.432471126	23.36821747	9.156588554	0.014587673	-0.01885201	2.617492676	31.24921799	0.200012207	348.64505	-0.001488757	0.009408534	11.85998535	16.10178947
TIMER_2019_03_24_at_07_26_23_IMG_2795.jpg	Depression	39-1	2019-03-24	-61.8911265	-53.32317683	672.41	327.2028809	0.19541049	0.217885837	0.037536621	7.732328415	331.3356628	0.009682435	0.016628971	0.309997559	6.098099709	333.4116516	0.082265303	0.318593979	9.521723747	333.4020386	0.010294885	0.024313491	0.652526855	6.944158554	0.090026855	283.0012817	-0.001943916	-0.000336253	11.72003174	15.91724586
TIMER_2019_03_24_at_08_01_19_IMG_2994.jpg	Depression	39-1	2019-03-24	-61.885163	-53.32738667	600.62	260.9519348	-0.36091724	-0.579476535	0.025634766	6.531484127	241.3854523	-0.011469051	-0.014873934	0.270019531	5.368578911	248.9264069	-0.364711136	-0.461286128	4.971930981	253.743927	-0.02865178	-0.03052453	0.4375	4.596750259	0.039978027	257.5227051	-0.001860134	-0.001435824	2.599975586	3.513692617
TIMER_2019_03_24_at_08_01_30_IMG_2995.jpg	Depression	39-1	2019-03-24	-61.88515983	-53.32734883	600.34	264.4805603	-0.038822062	-0.551083744	0.031860352	7.902836323	240.7370148	0.009293631	-0.074123971	0.400024414	7.429633141	261.0160217	0.01016767	-0.4167265	6.853382587	237.9612732	0.000167941	-0.037020825	0.614990234	6.185610294	0.070007324	257.5227051	-0.001860134	-0.001435824	2.599975586	3.513692617
TIMER_2019_03_24_at_08_23_46_IMG_3120.jpg	Depression	39-1	2019-03-24	-61.87915267	-53.325747	565.34	143.1300964	-0.601593792	-0.378188282	0.006896973	1.791657448	273.3604431	-0.054392502	-0.022219045	0.109985352	2.437110901	194.0362396	-0.289113641	-0.625564694	2.953222513	286.2915955	-0.026240705	-0.008756855	0.212463379	1.817877054	0.030029297	278.5760193	-0.000590842	-0.004976876	1.690002441	2.56065011
TIMER_2019_03_24_at_08_52_42_IMG_3258.jpg	Depression	39-1	2019-03-24	-61.868044	-53.32612083	533.26	244.2875519	0.292162985	-0.411816865	0.031860352	6.669938564	260.2232361	0.06606359	0.067096852	0.090026855	2.107357264	249.7734375	0.076901175	-0.319045901	7.212772846	241.8462219	-0.011027616	-0.003316864	0.19744873	2.445248127	0.070007324	241.0887604	-0.00159532	0.000485887	3.090026855	3.851848841
TIMER_2019_03_24_at_08_56_36_IMG_3274.jpg	Depression	39-1	2019-03-24	-61.86637667	-53.32636833	532.08	300.4983826	0.088539824	-0.292162567	0.036315918	8.068490028	286.1181946	-0.006625871	-0.006520297	0.299987793	6.678830624	300.9689026	0.017981075	-0.096461453	8.29224968	285.3416748	0.009359921	-0.012545389	0.530029297	6.268949509	0.070007324	322.1257935	-0.000915638	-0.000339681	1.260009766	1.325803638
TIMER_2019_03_24_at_09_37_21_IMG_3453.jpg	Depression	39-1	2019-03-24	-61.86280033	-53.33169017	517.58	231.6134644	0.23475638	0.039653495	0.009338379	2.146066666	250.9738312	0.021043079	-0.007630068	0.210021973	4.385533333	243.4349518	0.165748104	0.165620044	1.592844605	244.0006256	-0.000264431	0.010998563	0.469970703	4.888821125	0.00994873	270.8364258	0.000664919	-0.000646987	4.849975586	5.956122875
TIMER_2019_03_31_at_10_58_05_IMG_0246.jpg	Depression	69-1	2019-03-31	-61.20220667	-51.01238467	2189.28	329.1985474	10.73312664	0.294738531	0.020019531	4.226500511	117.3893967	-0.112397008	-0.006907119	0.219970703	4.339860439	169.1144714	10	-0.125004634	1.851145506	144.731781	-0.085793331	-0.026270911	0.570068359	5.686484814	0.030029297	256.2619019	0.002586966	-0.015582411	6.739990234	8.284193039
TIMER_2019_03_31_at_11_19_52_IMG_0330.jpg	Depression	69-1	2019-03-31	-61.20279517	-51.01926133	2188.38	97.25319672	3.42403245	-0.193587378	0.050048828	11.47735596	121.6595001	-0.900557041	0.058436222	0.719970703	13.38308144	81.86989594	0.483247131	-0.081645772	10.03457928	95.82668304	-0.358287275	-0.03253141	1.689941406	11.8501358	0.079833984	10.16863823	0.000422492	-0.000501379	0.770019531	1.152080178
TIMER_2019_03_31_at_11_28_22_IMG_0363.jpg	Depression	69-1	2019-03-31	-61.20324617	-51.02218783	2194.83	64.7988739	-4.472136021	0.930206418	0.060058594	11.66287327	298.8330078	-0.015329037	0.002730855	0.440185547	9.399609566	333.2489319	-1.712016225	0.05070895	4.805633068	298.3909302	-0.009811599	-0.002186197	0.860107422	8.957888603	0.040039063	199.4164886	-0.002011632	-0.001638077	1.549804688	2.297591686
TIMER_2019_03_31_at_11_28_37_IMG_0364.jpg	Depression	69-1	2019-03-31	-61.20323433	-51.0223175	2195.47	295.4633484	0	-0.498613656	0.020019531	3.250088215	299.9854431	0.036129326	-0.004481391	0.329833984	6.990291595	296.84729	1.788854361	0.024907341	3.171575785	292.0740356	0.026350323	-0.003747878	0.729980469	8.133780479	0.030029297	199.4164886	-0.002011632	-0.001638077	1.549804688	2.297591686
TIMER_2019_03_31_at_13_35_14_IMG_0873.jpg	Depression	69-1	2019-03-31	-61.20111717	-51.06715067	2111.33	173.0470428	0	1.887360811	0.069824219	11.40237331	198.3919678	0.024604712	0.013672954	0.130126953	2.945642948	135	-3.535533905	0.124887377	2.026844025	195.5408783	0.056618061	0.00254081	0.280029297	3.194506645	0.030029297	39.50019073	0.000973218	0.002048045	2.040039063	2.2059865
TIMER_2019_04_03_at_22_00_23_IMG_0083.jpg	Depression	81-1	2019-04-03	-61.210737	-50.71620983	1528.39	131.1735229	-6.079394341	-0.903506637	0.079956055	14.85035992	189.9367981	-0.097896419	0.007419711	0.449951172	10.63709068	193.240509	-1.37032032	-0.622314334	12.32630825	188.7346802	-0.025192453	0.000808138	0.859985352	10.49700069	0.090087891	208.8566132	0.013597705	0.00837097	13.13000488	15.49797916
TIMER_2019_04_03_at_22_17_29_IMG_0153.jpg	Depression	81-1	2019-04-03	-61.2085	-50.71737033	1483.17	164.2393494	-5.680530548	-1.06272614	0.049926758	10.3156929	203.3769989	-0.118716173	-0.01827684	0.540039063	11.91737747	200.0801697	0.157823429	-0.26148814	0.139892578	16.30759239	203.5264282	-0.059093751	0.004511671	1.060058594	11.59599686	245.1247101	0.002587941	0.008689576	18.25	16.76507568
TIMER_2019_04_03_at_22_46_00_IMG_0098.jpg	Depression	81-1	2019-04-03	-61.2054665	-50.71660417	1414.28	283.4184875	4.922153473	0.856116593	0.270019531	39.01017761	25.72831726	-0.172882915	-0.014416859	0.08996582	1.819997907	44.76613998	-1.751507998	0.121161923	3.026359558	26.54640198	-0.068057567	-0.004709366	0.229980469	2.400792599	0.039916992	270.7221375	-0.000816261	-0.004821625	1.539916992	2.295873642
TIMER_2019_04_03_at_23_03_29_IMG_0167.jpg	Depression	81-1	2019-04-03	-61.20366617	-50.7186825	1412.14	213.6900635	-28.1980381	-3.874650955	0.059936523	5.155654907	183.1321716	-0.119826697	-0.016425569	0.269897461	6.50023365	186.3401947	0	0.12224026	6.464207649	193.5966492	0.023281382	0.003896842	0.480102539	5.619800091	0.050048828	298.7402954	-0.001170557	-0.001799751	4	4.834660053
TIMER_2019_04_04_at_01_25_46_IMG_0162.jpg	Depression	81-1	2019-04-04	-61.184346	-50.72026033	1043.25	73.4675293	2.007623911	1.016996622	0.059936523	12.4579792	105.4345245	0.002280352	0.018940778	0.380004883	8.555716515	78.66313171	-2.245924234	-0.557122052	7.254774094	106.2165833	-0.076004475	0.003577125	0.700073242	8.661371231	0.049926758	290.0224304	0.006989654	-0.01715249	10.88000488	13.22576618
TIMER_2019_04_04_at_01_50_45_IMG_0258.jpg	Depression	81-1	2019-04-04	-61.1813375	-50.7199235	1035.12	315	-1.800302505	0.234103307	0.029907227	7.036595345	275.3192139	-0.078537159	0.009254802	0.270019531	6.944497585	293.2710876	-2.686557293	0.047269974	5.429634571	270.5768433	-0.040857002	0.001223577	0.489990234	6.913506031	0.039916992	173.4145508	-0.004906843	0.002726864	4.630004883	5.560163975
TIMER_2019_04_04_at_04_36_48_IMG_0074.jpg	Depression	81-1	2019-04-04	-61.16697483	-50.71888	730.81	225.2338562	-10.60660172	-0.246883303	0.00994873	3.026378632	225	0.177586362	-0.004953168	0.120056152	2.024374247	245.5081024	0	-0.371471226	4.316091537	206.0870972	-0.166212708	0.001640952	0.180053711	1.874159217	0.049987793	273.0713501	0.000635434	0.004254499	1.760009766	2.170290232
TIMER_2019_03_23_at_23_00_02_IMG_0759.jpg	Flat area	39-1	2019-03-23	-61.89714017	-53.225258	1383.79	350.0702515	-0.512149155	0.818243921	0.060058594	13.82004738	311.8605042	-0.034416158	-0.018224547	0.320068359	7.363945961	335.0137634	-0.133026272	0.600450158	11.68459797	316.488739	0.005966133	0.00701412	0.552612305	5.856853485	0.119995117	290.4880371	-0.003723734	-0.009529813	3.789916992	4.971477032
TIMER_2019_03_23_at_23_02_18_IMG_0768.jpg	Flat area	39-1	2019-03-23	-61.89746133	-53.22459667	1388.26	1.141199231	0.019271743	0.517288923	0.016235352	4.381118298	11.69957829	0.001441175	-0.020923229	0.359985352	8.064664841	6.340191841	0.061657902	0.593794405	6.464208126	5.166567326	0.003086326	0.000623205	0.647460938	7.605310917	0.060058594	302.6266174	0.002214716	0.000106902	6.25	7.468584061
TIMER_2019_03_24_at_04_16_22_IMG_2035.jpg	Flat area	39-1	2019-03-24	-61.9084235	-53.27635567	1265.63	264.1190186	-0.059917819	-0.374968439	0.077514648	19.66744232	244.8064117	0.021373348	-0.010875092	0.790039063	16.83072853	262.4693298	-0.138217077	-0.305279344	18.47707176	245.1166077	-0.024130249	0.013890754	1.415039063	16.8378582	0.150024414	263.229187	-0.00541266	-0.007976954	15.86999512	19.47133636
TIMER_2019_03_24_at_04_25_45_IMG_2072.jpg	Flat area	39-1	2019-03-24	-61.90768317	-53.27870633	1251.56	311.8492737	0.064420842	0.264695346	0.039916992	8.04498291	288.162262	0.013337904	0.015825007	0.390014648	9.779413223	318.5408936	0.265936702	0.140186876	8.054216385	279.7022095	-0.003180746	-0.007530206	0.802490234	9.423104286	0.079956055	261.2294006	-0.003214619	-0.002132455	12.20996094	16.54933167
TIMER_2019_03_24_at_04_39_46_IMG_2128.jpg	Flat area	39-1	2019-03-24	-61.90669383	-53.2823135	1227.33	253.0957184	-1.151619911	-0.404514074	0.026855469	5.366215229	307.8759766	0.043220349	0.070145585	0.419921875	8.910000801	298.2814941	-1.005629897	-0.484348118	5.271579266	305.9221497	0.003858166	0.017280446	0.817504883	8.049448013	0.069946289	331.0968018	-0.005321859	0.001415705	5.130004883	6.664457321
TIMER_2019_03_24_at_04_57_09_IMG_2196.jpg	Flat area	39-1	2019-03-24	-61.90544517	-53.28621933	1185.14	312.5726624	-0.420108169	-0.339747548	0.087524414	17.26542091	325.4676819	-0.017347611	0.007266571	0.469970703	12.07439137	310.4816895	-0.397189796	-0.350602835	18.6200676	324.2210693	0.003434082	-0.0097175	0.96496582	9.705060959	0.190063477	343.5585632	0.004246642	0.00498704	8.699951172	10.30698967
TIMER_2019_03_24_at_06_44_04_IMG_2614.jpg	Flat area	39-1	2019-03-24	-61.89513467	-53.3093715	764.37	300.2199402	0.472723126	0.298130691	0.043701172	8.822991371	318.1061401	0.041482072	0.039791971	0.5	9.251188278	308.6726074	0.328460366	0.320254922	9.094055176	316.3704529	-0.002335531	-0.005300621	1.047485352	9.966024399	0.100036621	313.3323364	-0.005374984	-0.005906443	4.979980469	5.832850456
TIMER_2019_03_24_at_06_55_21_IMG_2658.jpg	Flat area	39-1	2019-03-24	-61.89448	-53.3128115	742.19	250.6637115	-0.804114223	-0.4708848	0.016906738	2.809758902	292.1989746	0.034151308	0.005486164	0.349975586	7.536706924	299.0414124	-0.91704601	-0.412617266	3.682400942	295.2176819	0.005324698	-0.002192218	0.757507324	8.467887878	0.039978027	296.3852539	0.001931418	-0.007935378	4.780029297	5.904661655
TIMER_2019_03_24_at_07_26_01_IMG_2793.jpg	Flat area	39-1	2019-03-24	-61.89120517	-53.323014	674.57	276.1549988	-0.132850394	0.393027067	0.056884766	14.3300333	309.0197754	0.025125124	0.04539318	0.529968262	10.57083893	274.4042053	-0.065566123	0.444182098	13.73411179	306.6429749	0.002231997	0.002000957	1.097473145	11.18066978	0.109985352	291.3908386	-0.003388548	-0.014066323	7.369995117	9.489859581
TIMER_2019_03_24_at_07_39_15_IMG_2868.jpg	Flat area	39-1	2019-03-24	-61.88956533	-53.3264055	638.33	287.7360535	-0.055124212	-0.222747609	0.043762207	9.873969078	265.275116	-0.035576321	0.015432698	0.289978027	7.784665108	285.9354858	-0.081065603	-0.078466125	10.31564045	252.7575226	-0.021348448	-0.00016591	0.625	7.299947262	0.08001709	248.6510925	0.000391548	-0.009633384	4.91998291	6.329160213
TIMER_2019_03_24_at_08_26_35_IMG_3136.jpg	Flat area	39-1	2019-03-24	-61.87808733	-53.3256745	556.45	76.24281311	-0.401844084	-0.421852469	0.016235352	4.128732204	253.3135986	0.006111299	0.03380977	0.059997559	1.494659066	45	-0.539787173	-0.289842844	3.029435635	231.7745056	-0.009568393	-0.000618408	0.125	0.751990795	0.019958496	274.1852722	-0.0004944	-0.002407838	0.91003418	1.195130348
TIMER_2019_03_24_at_08_41_07_IMG_3214.jpg	Flat area	39-1	2019-03-24	-61.87262683	-53.32545083	538.02	187.5669403	0.392338753	0.115748405	0.023742676	4.769094467	241.7184906	-0.032879278	-0.037042491	0.059997559	1.057181001	172.888443	0.105137087	0.223559111	5.753610134	273.6598511	0.008301093	0.006683049	0.149963379	1.533598661	0.049987793	255.4677887	0.00035845	0.000616302	0.989990234	1.158394098
TIMER_2019_03_24_at_08_43_12_IMG_3222.jpg	Flat area	39-1	2019-03-24	-61.87181783	-53.32547483	538.56	315	-0.316667408	-0.039087601	0.009338379	2.070062637	245.5560455	0.015184313	0.004831826	0.030029297	0.866163552	315	-0.269351065	-0.144934326	1.511144042	276.5068359	0.009365595	0.008535932	0.059997559	0.630666077	0.00994873	303.6881409	0.000645757	0.000609589	0.41998291	0.628932893
TIMER_2019_03_24_at_08_50_17_IMG_3249.jpg	Flat area	39-1	2019-03-24	-61.86904017	-53.32591	531.7	168.1709747	-0.06221683	0.438163012	0.006896973	1.513677955	57.19412231	0.02757032	0.015577888	0.190002441	3.828314781	156.8014069	-0.092657804	0.341842383	2.727798223	61.25819016	0.003392232	-0.000911134	0.33001709	3.162120819	0.030029297	231.3056488	0.000230195	-0.001496368	1.199951172	1.12278378
TIMER_2019_03_24_at_08_58_24_IMG_3281.jpg	Flat area	39-1	2019-03-24	-61.8655965	-53.32647667	527.23	301.3540344	-0.00997098	-0.05260938	0.047485352	9.808002472	351.1022339	0.041833814	0.093010306	0.229980469	5.994994164	302.9427795	0.084076278	-0.081261121	7.212348461	354.3237	-0.011421121	0.011749375	0.385009766	4.784097672	0.070007324	5.572241783	0.000565543	-0.002521531	1.75	2.394081593
TIMER_2019_03_24_at_09_00_30_IMG_3289.jpg	Flat area	39-1	2019-03-24	-61.86467767	-53.326606	523.99	22.57925034	0.500231385	-0.39719373	0.036865234	7.079257965	1.634865522	-0.084607147	-0.004535033	0.279968262	7.48025465	32.9137764	0.240734205	-0.32038039	7.210010052	0.811484635	-0.030141229	-0.058410954	0.434997559	4.40502882	0.08001709	306.788269	0.000585417	-2.99E-06	1.900024414	2.301571131
TIMER_2019_03_24_at_09_11_29_IMG_3335.jpg	Flat area	39-1	2019-03-24	-61.86014483	-53.32802583	508.88	267.8776245	-0.114668675	0.093985498	0.026885986	7.220715046	289.7958984	0.008277789	0.054960806	0.08001709	1.902480602	270	0.083144575	0.08210551	6.418527603	292.0667419	-0.006429064	-0.014118806	0.29498291	3.213279009	0.059997559	280.3047485	-0.000436961	-0.000740112	0.559997559	0.650121987
TIMER_2019_03_24_at_09_16_56_IMG_3367.jpg	Flat area	39-1	2019-03-24	-61.85900283	-53.330088	509.17	193.592453	0.122993596	-0.43322134	0.023132324	5.322906017	169.9931946	0.013019381	-0.029654121	0.059997559	1.236249447	201.8044281	0.051505074	-0.299320072	3.851345539	170.1057129	-0.003894699	-0.01545254	0.137512207	1.562880039	0.040008545	18.43494797	-5.10E-05	0.000207997	0.070007324	0.091954134
TIMER_2019_03_24_at_09_29_02_IMG_3420.jpg	Flat area	39-1	2019-03-24	-61.86068817	-53.33395567	509.6	352.96	0.02026	0.082138	0.01373291	2.8869	231.0056	-0.0371457	-0.0461281	0.1100158	1.93433606	360	-0.16645	0.08273							0.039978027	284.5362549	0.000331	0.000296783	0.630004883	0.810923517
TIMER_2019_03_24_at_09_42_51_IMG_3474.jpg	Flat area	39-1	2019-03-24	-61.86374467	-53.32982983	519.47	241.9331512	0.559381187	0.166608438	0.023132324	5.207031727	275.4450378	0.02010671	-0.069810599	0.119995117	3.019181728	265.5930481	0.690695584	-0.027928311	4.654610634	271.7325745	0.001850639	-0.021167893	0.232543945	2.658381462	0.039978027	274.3361511	-0.000217361	-0.002326111	0.709960938	1.153635144
TIMER_2019_03_31_at_10_51_59_IMG_0222.jpg	Flat area	69-1	2019-03-31	-61.20247117	-51.0103565	2186.19	264.9141235	0.465935886	0.58662957	0.209960938	4.7540741	254.8273621	0.083099417	-0.038808107	0.980224609	21.87898254	270.4547119	0	0.310377687	3.562702179	236.5617828	0.179615393	0.005667739	1.560058594	1.71985626	0.330078125	280.2194519	-0.001879327	-0.005626642	16.08007813	22.04432678
TIMER_2019_03_31_at_12_56_07_IMG_0709.jpg	Flat area	69-1	2019-03-31	-61.20170383	-51.05385333	2143.51	142.2445068	3.828184605	-1.697031975	0.100097656	2.32764244	96.13130951	-0.259742022	0.044622108	0.540039063	10.67935085	164.0545959	0.428004056	0.622245133	10.32493973	94.78504181	-0.102575034	-0.001458115	0.829833984	8.489458084	0.090087891	350.6876221	-0.002197669	0.002964151	4.840087891	7.023492813
TIMER_2019_03_31_at_14_47_22_IMG_1173.jpg	Flat area	69-1	2019-03-31	-61.19448267	-51.08174283	1678.27	99.27259827	-9.387233734	-0.770539105	0.070068359	8.615695953	154.2698059	0.023575991	0.018069593	0.199951172	4.285438061	108.5278091	-8.049844742	-0.42342481	3.407579184	165.6269531	-0.004303189	-0.004659322	0.380004883	4.46380043	0.040039063	296.5348206	0.000430596	0.005058597	2.670043945	3.38992095
TIMER_2019_04_03_at_21_55_42_IMG_0065.jpg	Flat area	81-1	2019-04-03	-61.21126033	-50.71567117	1527.19	284.4984741	-3.006382227	-0.336806357	0.080078125	10.2199192	259.6411133	0.06337931	0.002022531	0.5	11.77272224	270	0	0.218560815	16.69860268	257.2243042	0.007928333	-0.000369413	1.010009766	11.80151653	0.119995117	197.8397522	-0.011024019	-0.008818286	13.13000488	17.17346001
TIMER_2019_04_03_at_22_43_27_IMG_0088.jpg	Flat area	81-1	2019-04-03	-61.20577	-50.71639667	1412.79	333.4349365	-7.07106781	-0.97162503	0.020019531	6.385548592	19.70728302	-0.095056258	-0.003245195	0.180053711	4.027443409	24.48248291	0	-0.370727301	4.309256554	20.48935699	0.064558752	0.002493643	0.390014648	4.387285233	0.049926758	299.739502	-0.002069233	-0.002011555	0.83996582	0.468840718
TIMER_2019_04_03_at_22_46_31_IMG_0100.jpg	Flat area	81-1	2019-04-03	-61.2054245	-50.7166155	1413.16	45	3.5355	0	0.02	2.02	2.94	0	0.015	0.109	1.36189	135	0	0	1.53	45	0.07819	0.00254	0.159912	1.720546	0.0321	276.2408	0.000998	-0.0004808	3.159912	4.8
TIMER_2019_04_03_at_23_00_20_IMG_0155.jpg	Flat area	81-1	2019-04-03	-61.2039435	-50.71814917	1413	108.43	-8.8	0.986119	0.02	2.0268	179.9391174	0.667571247	0.044846721	0.16003418	3.287121058	255	0	0.2493	2.25	214.6347961	-0.016982947	0.011401398	0.539916992	5.337675571	0	263.1540833	-0.00074676	-0.001293324	0.699951172	0.732014656
TIMER_2019_04_03_at_23_35_16_IMG_0037.jpg	Flat area	81-1	2019-04-03	-61.19997767	-50.72202217	1311.16	172.8642273	2.854543447	1.209973454	0.08996582	21.94455147	152.3268127	0.002036293	0.019989099	1.029907227	20.50688934	135	5.303300858	0.124187678	3.038682699	145.4420776	0.012148171	0.004262429	2.180053711	21.30834007	0.020019531	288.7591858	-0.000421182	0.024844134	12.14990234	15.82032776
TIMER_2019_04_04_at_01_26_16_IMG_0164.jpg	Flat area	81-1	2019-04-04	-61.184346	-50.72026033	1043.25	73.4675293	2.007623911	1.016996622	0.059936523	12.4579792	105.4345245	0.002280352	0.018940778	0.380004883	8.555716515	78.66313171	-2.245924234	-0.557122052	7.254774094	106.2165833	-0.076004475	0.003577125	0.700073242	8.661371231	0.049926758	290.0224304	0.006989654	-0.01715249	10.88000488	13.22576618
TIMER_2019_04_04_at_01_46_37_IMG_0242.jpg	Flat area	81-1	2019-04-04	-61.18185333	-50.72013167	1033.4	291.8497009	2.308800459	-1.004415512	0.069946289	15.05373287	291.6691284	-0.06160403	0.001891613	0.5	11.10994339	288.4349365	-0.716119885	-0.193243161	12.26402569	290.3849792	0.003741757	0.004017536	1.010009766	11.16606712	0.109985352	136.3760529	-0.003173556	-0.008272504	12.07000732	13.44423389
TIMER_2019_04_04_at_03_42_08_IMG_0139.jpg	Flat area	81-1	2019-04-04	-61.170461	-50.72059233	810.64	220.9143829	-3.674146414	-0.531346738	0.070007324	13.94778347	205.9810791	0.016731398	0.012793002	0.269958496	6.190403461	203.1985931	-2.68328166	0.049123086	5.443286419	204.6549988	0.002315475	0.008316467	0.630004883	6.667863846	0.040039063	224.0786896	-0.00729025	-0.006582202	6.459960938	7.627186775
TIMER_2019_03_24_at_02_22_16_IMG_1580.jpg	Ridges	39-1	2019-03-24	-61.91810267	-53.25036617	1167.33	291.8044128	0.889732599	0.071215823	0.138793945	28.30515862	294.8081055	0.066357508	0.10581629	1.190063477	24.50451088	295.9810791	0.884299755	-0.003394104	28.4721508	286.7000122	0.063631028	0.045197129	2.287353516	23.92695808	0.280029297	235.9581299	0.007725168	-0.00070359	15.73010254	17.45467186
TIMER_2019_03_24_at_05_33_41_IMG_2339.jpg	Ridges	39-1	2019-03-24	-61.901832	-53.29305983	998.3	14.6220417	0.267234951	-0.170739472	0.077453613	17.48012924	20.22236633	0.016487747	0.070777185	0.799987793	18.2135067	16.93053818	0.206700996	-0.115418658	16.72550774	12.3149128	-0.010841921	0.041762631	1.540039063	18.16882896	0.149963379	356.4561768	-0.00164602	0.008508408	8.709960938	13.45529938
TIMER_2019_03_24_at_05_48_52_IMG_2397.jpg	Ridges	39-1	2019-03-24	-61.90032267	-53.29696367	933.13	18.74095154	-0.201821521	0.291278362	0.045654297	10.74312687	34.85494232	-0.019141566	0.088835508	0.50994873	9.681259155	14.92126083	-0.146487311	0.064180367	10.98312092	28.58242989	0.016230222	-0.059428584	1.652526855	13.70990372	0.08001709	58.29178619	0.010519604	0.005901923	14.95001221	17.52188301
TIMER_2019_03_24_at_05_56_33_IMG_2427.jpg	Ridges	39-1	2019-03-24	-61.89950433	-53.29881283	942.09	292.4768372	0.169696212	-0.441053033	0.141296387	28.19217491	299.5643005	-0.054326922	-0.0164364	1.33001709	26.17358017	291.8021545	0.051094547	-0.437095106	28.30295753	303.10849	-0.020853568	-0.003380859	2.715026855	26.15805435	0.289978027	6.400794506	-0.001617542	0.002734547	12	15.24118328
TIMER_2019_03_24_at_06_09_16_IMG_2477.jpg	Ridges	39-1	2019-03-24	-61.8980825	-53.30172667	873.4	330.2379761	-0.62210238	-0.548780024	0.092529297	19.19398117	327.7000122	-0.001784476	0.010802613	0.710021973	14.43003654	322.8960571	-0.652024329	-0.487486124	17.80861282	334.8475952	-0.005963914	-0.016655954	1.280029297	13.99626064	0.159973145	22.26090431	0.001137274	-0.007381672	14.32000732	17.86213112
TIMER_2019_03_24_at_07_12_54_IMG_2727.jpg	Ridges	39-1	2019-03-24	-61.89295	-53.319088	708.47	138.9812012	-0.683925867	-1.858053684	0.052490234	10.04634094	185.4031372	-0.171616718	-0.082590148	0.809997559	20.38778877	151.2529297	-0.665597498	-1.768617272	12.45645809	186.0842896	0.01553236	0.025171692	1.447509766	18.42444038	0.139953613	218.374527	-0.005005509	0.001032398	10.32000732	11.94105434
TIMER_2019_03_24_at_07_48_02_IMG_2918.jpg	Ridges	39-1	2019-03-24	-61.888123	-53.327954	621.56	271.0028076	0.146969408	-0.577957809	0.031860352	7.696172237	258.1932068	-0.011285295	0.010774497	0.539978027	12.73679352	268.023407	0.143451735	-0.617103755	10.28067112	255.819458	-0.001636333	0.037591085	0.942504883	11.07906151	0.100036621	246.2888031	0.001850029	0.001578028	4.359985352	4.986651421
TIMER_2019_03_24_at_07_54_33_IMG_2956.jpg	Ridges	39-1	2019-03-24	-61.88647583	-53.32780983	607.92	4.065280914	-0.26465562	0.922469854	0.042541504	11.26001453	19.40572929	-0.065980069	-0.16221948	0.619995117	13.12962532	8.978295326	-0.332319766	0.849407434	13.52424717	18.06962395	0.00367143	-0.062241547	0.962463379	9.663334846	0.110046387	274.7165222	0.001876494	0.000278893	2.880004883	4.587210178
TIMER_2019_03_24_at_08_09_24_IMG_3039.jpg	Ridges	39-1	2019-03-24	-61.8836815	-53.32652483	588.97	195.6422424	0.426793426	0.359660327	0.020019531	4.64274168	189.2459259	0.076484323	0.025892876	0.270019531	6.216641426	210.9637604	0.332774371	0.331012428	4.172796726	184.0783844	0.040584069	0.012620999	0.640014648	6.638855457	0.040039063	227.1173401	-0.003029626	-0.00258184	2.599975586	3.176761866
TIMER_2019_03_24_at_08_19_25_IMG_3096.jpg	Ridges	39-1	2019-03-24	-61.88072433	-53.32586517	567.65	262.3493347	-0.490975946	0.007069768	0.010620117	2.067665339	261.862915	-0.022329424	0.002421031	0.08001709	2.025115252	236.2561035	-0.35186249	-0.065164365	2.579427481	264.0750427	0.011544964	-0.001759917	0.212463379	2.509581566	0.029968262	281.1045532	-0.000534532	-0.004409907	1.549987793	2.284530401
TIMER_2019_03_24_at_08_57_07_IMG_3276.jpg	Ridges	39-1	2019-03-24	-61.86617167	-53.32640067	523.34	263.0958862	1.324113846	-1.462643504	0.159362793	35.06727982	278.6403809	0.212563112	0.190058976	1.16003418	27.28759956	270.8823242	1.491687655	-1.32740128	39.09560776	276.9288025	-0.017175028	0.04040676	1.862487793	23.5799408	0.379943848	3.811201096	-0.00014329	-0.000641094	0.630004883	0.874118328
TIMER_2019_03_24_at_09_04_14_IMG_3303.jpg	Ridges	39-1	2019-03-24	-61.86306433	-53.32688667	517.24	149.118515	0.071376145	0.220578626	0.023742676	5.206367493	178.6389465	0.047565419	-0.00770091	0.280029297	5.99596262	161.58255	0.306708276	0.106379472	4.515007496	198.2487335	0.065479293	0.013082409	0.572509766	3.483484507	0.029968262	312.1098022	0.002114427	0.00279765	2.179992676	2.445246696
TIMER_2019_03_24_at_09_35_33_IMG_3445.jpg	Ridges	39-1	2019-03-24	-61.86243517	-53.3323355	510.82	262.2680359	-0.259990692	0.274761111	0.06060791	14.62012005	258.5870667	-0.002399385	-0.039495345	0.650024414	15.53530598	258.6781006	-0.238942817	0.146694332	16.00292778	257.8258362	-0.003670384	-0.039833255	1.51751709	17.78673363	0.150024414	264.7858582	0.000617646	-0.008452342	2.880004883	4.288015842
TIMER_2019_04_03_at_22_10_13_IMG_0123.jpg	Ridges	81-1	2019-04-03	-61.20945383	-50.71701	1491.18	120.9637604	-1.788854361	-0.558123887	0.040039063	8.301791191	331.1782837	0.042244539	0.007269867	0.199951172	4.004931927	38.11827469	1.331214786	-0.182920262	8.60567379	341.5815125	-0.053482167	0.005951063	0.359985352	3.84594655	0.08996582	236.3100281	-0.011589331	-0.012260377	26.10998535	29.78800964
TIMER_2019_03_31_at_10_37_04_IMG_0163.jpg	Sand ripples	69-1	2019-03-31	-61.20259383	-51.00661883	2159.91	245.2075653	2.386452675	-0.277071267	0.140136719	29.45543289	274.2049255	-0.070149735	0.019590855	0.530029297	13.39099884	258.6038513	-0.238568053	-0.265770197	17.64911461	270.9481201	-0.011120152	-0.004619084	0.940185547	12.68073177	0.149902344	214.3845062	-0.001980884	0.003609856	12.92016602	14.6881876
TIMER_2019_03_31_at_10_37_19_IMG_0164.jpg	Sand ripples	69-1	2019-03-31	-61.20254133	-51.00665283	2160.71	270.1989441	4.072935104	-1.207580805	0.080078125	19.36986923	262.3456421	-0.018990403	-0.042155638	0.489990234	12.65501499	264.0860596	0.408296078	-0.114462018	17.12071228	267.9726563	-0.003359597	-0.012475132	0.820068359	10.93682003	0.130126953	214.3845062	-0.001980884	0.003609856	12.92016602	14.6881876
TIMER_2019_03_31_at_10_37_34_IMG_0165.jpg	Sand ripples	69-1	2019-03-31	-61.2025715	-51.00674933	2161.83	244.9831085	-1.844804287	-0.572577894	0.079833984	14.71800613	268.6184082	-0.02268145	-0.000226183	0.429931641	11.72690868	251.527771	0.569007456	-0.033746976	16.52333832	271.455658	-0.02161561	0.00584483	0.729980469	9.680745125	0.149902344	214.3845062	-0.001980884	0.003609856	12.92016602	14.6881876
TIMER_2019_03_31_at_10_37_49_IMG_0166.jpg	Sand ripples	69-1	2019-03-31	-61.20257017	-51.00678033	2164.32	254.1071625	5.692099571	1.060961843	0.050048828	10.35748482	270.8156738	-0.055593219	-0.028509654	0.380126953	10.2079668	242.5467072	-1.731886625	-0.398748636	9.986206055	270	0.014508138	-0.003562964	0.719970703	9.786388397	0.090087891	225.5059509	-0.006859884	-0.002666493	12.34985352	14.32671356
TIMER_2019_03_31_at_10_38_04_IMG_0167.jpg	Sand ripples	69-1	2019-03-31	-61.2025655	-51.00681233	2163.86	314.5341797	-12.52198029	-0.098246172	0.040039063	6.060565948	276.8694153	-0.074766181	-0.008421823	0.309814453	8.303418159	225	1.767766953	-0.312218428	2.520621061	271.3757324	-0.007969609	-0.003612383	0.630126953	8.814872742	0.030029297	225.5059509	-0.006859884	-0.002666493	12.34985352	14.32671356
TIMER_2019_03_31_at_10_38_19_IMG_0168.jpg	Sand ripples	69-1	2019-03-31	-61.2025755	-51.00688133	2164.14	108.621582	-5.303300858	-0.242906258	0.030029297	6.758533955	270.4364624	-0.004445563	0.010188371	0.360107422	9.997092247	315	-1.178511262	0.369107783	5.031522751	265.1662598	0.035566032	0.010739367	0.790039063	10.10321331	0.040039063	225.5059509	-0.006859884	-0.002666493	12.34985352	14.32671356
TIMER_2019_03_31_at_10_38_34_IMG_0169.jpg	Sand ripples	69-1	2019-03-31	-61.2025675	-51.00693467	2164.02	326.0937195	0	0	0.050048828	5.126827717	264.4571533	0.024911005	-0.000363988	0.469970703	12.401968	275.5852966	0.973195612	-0.302793086	11.00133038	266.9328918	0.016390862	0.008783336	0.859863281	11.28936958	0.100097656	225.5059509	-0.006859884	-0.002666493	12.34985352	14.32671356
TIMER_2019_03_31_at_10_39_04_IMG_0171.jpg	Sand ripples	69-1	2019-03-31	-61.2025605	-51.00698167	2165.89	104.2570343	0	0.010735013	0.109863281	17.08306694	260.9433594	-0.060124356	0.008385103	0.540039063	13.39142513	252.9658203	-0.378050625	-0.556720734	8.531532288	262.2687988	0.01381781	-0.009805163	0.939941406	12.03757286	0.08984375	225.5059509	-0.006859884	-0.002666493	12.34985352	14.32671356
TIMER_2019_03_31_at_10_39_19_IMG_0172.jpg	Sand ripples	69-1	2019-03-31	-61.20256083	-51.00710333	2166.59	293.7329407	-5.425312996	0.872159243	0.25	42.86431122	257.8955688	-0.133984298	0.011942466	0.469970703	11.42012024	246.7821503	-4.750070572	-0.415431052	13.4104147	258.8852234	-0.010866238	0.012756921	0.969970703	11.90720367	0.119873047	230.1357269	0.00253966	0.005217587	14.32006836	16.15981865
TIMER_2019_03_31_at_10_39_34_IMG_0173.jpg	Sand ripples	69-1	2019-03-31	-61.20256883	-51.00709417	2165.32	303.0007324	1.440000057	-2.613494873	0.080078125	14.21205616	260.901001	0.044287253	0.006378269	0.439941406	10.75185394	314.8358154	-0.353553385	0.0597337	8.565690994	258.8852234	-0.010866238	0.012756921	0.969970703	11.90720367	0.080078125	230.1357269	0.00253966	0.005217587	14.32006836	16.15981865
TIMER_2019_03_31_at_11_36_24_IMG_0394.jpg	Sand ripples	69-1	2019-03-31	-61.20344367	-51.02486283	2212.09	113.9624863	0	0	0.029785156	5.493823528	128.5431671	0.04859164	0.007790496	0.400146484	7.99574852	126.1392822	-1.815085292	-0.140440688	6.553269386	132.9528046	0.021374654	0.00053574	0.850097656	8.452458382	0.059814453	332.3182678	0.013591994	0.00028071	12.06982422	15.78861523
TIMER_2019_03_31_at_11_36_40_IMG_0395.jpg	Sand ripples	69-1	2019-03-31	-61.20343367	-51.024883	2212.9	113.9049911	2.81744647	-0.23302643	0.060058594	13.87542057	131.5398254	0.049242947	-0.016554262	0.420166016	8.459921837	123.7618713	2.875123262	0.078442805	7.693309307	136.0440674	0.025771774	-0.002393078	0.830078125	8.354127884	0.070068359	332.3182678	0.013591994	0.00028071	12.06982422	15.78861523
TIMER_2019_03_31_at_11_36_56_IMG_0396.jpg	Sand ripples	69-1	2019-03-31	-61.20344867	-51.02498683	2213.3	165.3432465	-1.584014893	-0.542850375	0.060058594	13.82269573	131.6653595	-0.052389339	-0.005151033	0.5	10.34397125	146.8738403	0.754517138	0.108734615	9.759263992	135.9587708	-0.021572586	-0.004004712	0.899902344	8.941293716	0.08984375	332.3182678	0.013591994	0.00028071	12.06982422	15.78861523
TIMER_2019_03_31_at_11_37_11_IMG_0397.jpg	Sand ripples	69-1	2019-03-31	-61.20344083	-51.0250695	2210.57	126.8136139	1.316253185	0.180762455	0.069824219	13.95723057	136.6618958	0.013986474	-0.006941784	0.5	10.12504482	137.2562561	0.045273274	-0.119805969	12.96433353	143.4366302	0.027773418	0.005023456	0.929931641	9.583997726	0.129882813	333.5988464	0.013222314	-0.000867633	15.80004883	19.37526131
TIMER_2019_03_31_at_11_37_26_IMG_0398.jpg	Sand ripples	69-1	2019-03-31	-61.20344733	-51.02518233	2210.77	205.7307129	-7.155417442	0.294738531	0.030029297	6.417113304	150.7906342	0.110023648	0.014312246	0.359863281	7.749083996	159.2909546	1.569348216	-0.282521278	6.108084202	146.0370941	-0.063676037	0.004947139	0.770019531	7.893327236	0.060058594	333.5988464	0.013222314	-0.000867633	15.80004883	19.37526131
TIMER_2019_03_31_at_11_37_41_IMG_0399.jpg	Sand ripples	69-1	2019-03-31	-61.20347367	-51.02522317	2211.38	175.6676941	-4.155385017	-0.347386867	0.039794922	9.179334641	133.016098	-0.064176247	0.014500962	0.429931641	8.648119926	160.0893707	0.010365125	-0.365172863	9.362988472	121.5033264	-0.032723419	-0.018458994	1.139892578	11.55883884	0.079833984	333.5988464	0.013222314	-0.000867633	15.80004883	19.37526131
TIMER_2019_03_31_at_12_13_59_IMG_0540.jpg	Sand ripples	69-1	2019-03-31	-61.2028865	-51.03780183	2175.76	174.6764526	1.574870944	0.195643574	0.229980469	47.1727562	213.7632294	-0.01283583	-0.044257056	0.979980469	20.36491776	202.3165894	-2.623890638	1.367801189	25.59403992	208.3539886	-0.018967109	-0.033611964	1.959960938	19.36631584	0.270019531	298.2458191	-0.007292618	-0.01099814	5.820068359	6.250995159
TIMER_2019_03_31_at_12_14_31_IMG_0542.jpg	Sand ripples	69-1	2019-03-31	-61.202886	-51.038092	2177.89	162.1213074	0	0.498613656	0.020019531	2.276992798	159.4009857	-0.000132173	2.62E-05	0.540039063	11.83592987	163.0036926	0	0	9.599600792	159.6967926	-0.049629878	-0.001180971	1.100097656	11.7065897	0.090087891	338.6665649	-0.012940858	-0.016814005	13.60986328	16.94543457
TIMER_2019_03_31_at_12_14_46_IMG_0543.jpg	Sand ripples	69-1	2019-03-31	-61.2028525	-51.038195	2178.53	168.9765472	6.008327484	0.048225537	0.060058594	10.84211254	128.7088013	-0.15521419	-0.07357046	0.859863281	16.16533852	180	1.788854361	0.024907341	2.830311537	149.2050171	-0.10627456	-0.003844291	1.510009766	15.49226093	0.030029297	338.6665649	-0.012940858	-0.016814005	13.60986328	16.94543457
TIMER_2019_03_31_at_12_15_02_IMG_0544.jpg	Sand ripples	69-1	2019-03-31	-61.20283217	-51.03826917	2177.95	47.44903946	-5.304485321	1.74519062	0.129882813	22.9867878	118.7465668	-0.055997871	-0.066781528	0.659912109	13.15755558	67.21257019	-2.87555337	0.375972062	14.40585041	142.5163879	-0.084821753	-0.029780468	1.83984375	17.28228951	0.139892578	342.7382202	-0.010620094	0.006749235	16.2199707	20.83828735
TIMER_2019_03_31_at_12_46_37_IMG_0671.jpg	Sand ripples	69-1	2019-03-31	-61.20193417	-51.050375	2159.43	220.3141022	-8.230258942	-1.166638374	0.059814453	11.93215179	196.4006653	0.021346228	-0.022840479	0.439941406	10.05163765	205.7642822	-0.441759765	0.556989491	12.12503815	199.1985168	-0.001084836	0.000154322	0.899902344	10.02056789	0.119873047	198.3229218	0.008732913	-0.010573342	14.25	18.19086266
TIMER_2019_03_31_at_12_46_52_IMG_0672.jpg	Sand ripples	69-1	2019-03-31	-61.20191167	-51.05046717	2161.22	202.9580536	-1.00E-15	-0.930206418	0.050048828	10.80786705	211.9187012	-0.004993341	0.005390435	0.5	10.1831789	197.0341797	0.395284712	0.180845767	8.531532288	211.3570862	-0.014331181	-0.000119528	0.909912109	9.351407051	0.070068359	209.7697906	0.00949053	0.002144619	9.130126953	11.47222233
TIMER_2019_03_31_at_12_47_08_IMG_0673.jpg	Sand ripples	69-1	2019-03-31	-61.20190567	-51.05049717	2159.72	216.2699585	-6.079999924	0.932085574	0.060058594	13.12498856	207.7096863	-0.03678586	-0.008533192	0.430175781	9.464242935	236.4171295	-1.524565458	-0.07316263	10.25734138	208.7404175	-0.004378336	0.000624252	0.870117188	9.15055275	0.08984375	209.7697906	0.00949053	0.002144619	9.130126953	11.47222233
TIMER_2019_03_31_at_12_47_23_IMG_0674.jpg	Sand ripples	69-1	2019-03-31	-61.20187967	-51.05067583	2160.51	225	0	-0.498613656	0.020019531	1.977448583	210.1836853	-0.202118576	0.004327525	0.529785156	10.96516323	188.7905426	0.867436767	0.380473495	6.832357883	211.9081116	-0.024299979	-0.006724455	0.919921875	9.730441093	0.050048828	209.7697906	0.00949053	0.002144619	9.130126953	11.47222233
TIMER_2019_03_31_at_12_47_38_IMG_0675.jpg	Sand ripples	69-1	2019-03-31	-61.20191467	-51.05074767	2161.99	183.4707947	9.230769157	3.831606388	0.309814453	39.58093643	206.9809265	0.103172392	-0.01618593	0.449951172	9.395665169	213.2875366	-2.194825888	0.121205106	12.23539639	213.4415131	0.015744457	0.004703251	0.939941406	9.525098801	0.110107422	220.0182343	0.003063602	-0.002016705	6.25	7.533219814
TIMER_2019_03_31_at_12_47_53_IMG_0676.jpg	Sand ripples	69-1	2019-03-31	-61.2019	-51.05089567	2163.46	236.0937195	5.36656332	-0.186041296	0.040039063	10.17284775	211.9795837	0.099273562	-0.002260276	0.459960938	9.781914711	227.5335541	0.79991442	-0.725658536	11.04893017	208.4475098	0.002546225	0.004430124	0.919921875	9.528292656	0.130126953	220.0182343	0.003063602	-0.002016705	6.25	7.533219814
TIMER_2019_03_23_at_19_14_17_IMG_0237.jpg	Steep slope	39-1	2019-03-23	-61.91080067	-53.31301367	1139.94	203.4384308	-0.425709814	0.33767131	0.383789063	55.50076294	194.2557526	-0.122296445	-0.00410273	1.979980469	43.66271973	208.2969055	-0.214398205	0.223496184	54.152565	200.7893219	0.064253718	0.012885178	3.982543945	38.11471176	0.779907227	208.1203003	0.014685988	0.001598084	33.14001465	32.19240952
TIMER_2019_03_23_at_19_29_52_IMG_0306.jpg	Steep slope	39-1	2019-03-23	-61.909528	-53.3016595	1027.16	230.1560211	0.258844525	0.07145752	0.180664063	32.66483688	232.150589	-0.068279631	-0.049436942	1.489990234	28.36182404	232.2316895	0.231294379	-0.014147975	32.31558609	230.2604675	-0.029897315	0.001552627	3.179931641	29.10719872	0.340087891	247.3685303	-0.008067535	0.00017461	29.9800415	33.49028778
TIMER_2019_03_23_at_22_51_45_IMG_0725.jpg	Steep slope	39-1	2019-03-23	-61.89647917	-53.22868333	1365.17	236.5295258	0.625864625	-1.391687751	0.13684082	25.91234589	271.7514648	0.113854475	-0.168391392	0.729980469	13.77305126	236.1640015	0.684811115	-1.331736445	32.60852814	305.0997009	-0.047744203	-0.007948722	0.834960938	38.04392147	0.369995117	359.0410461	0.0002761	-0.001689988	3.510009766	3.721179485
TIMER_2019_03_24_at_00_15_08_IMG_1069.jpg	Steep slope	39-1	2019-03-24	-61.91165767	-53.22295683	1194.58	101.490509	3.417601347	-0.321994334	0.111816406	24.50156403	143.985321	0.302701324	-0.128141493	1.290039063	21.04653931	123.6840897	2.817043781	-0.227906302	22.08775902	113.5658112	0.204821661	-0.076357052	3.047485352	30.28307152	0.209960938	107.3475113	0.011599147	-0.039567545	31.38000488	35.38241577
TIMER_2019_03_24_at_01_34_14_IMG_1389.jpg	Steep slope	39-1	2019-03-24	-61.92326567	-53.23388367	1264.57	296.2904663	0.122353844	-0.118509956	0.069335938	14.37600708	302.8435364	0.000380836	-0.059214115	1.010009766	19.42330551	296.5650635	0.030385422	-0.108374938	14.11506271	301.6060486	0.004411211	0.028890718	2.007568359	19.48888779	0.140014648	291.9149475	0.006166506	0.001484402	20.91992188	25.76557922
TIMER_2019_03_24_at_01_42_16_IMG_1420.jpg	Steep slope	39-1	2019-03-24	-61.92287167	-53.2366215	1228.1	348.124939	1.111506224	1.537059784	0.086914063	20.0057869	303.7331543	-0.015165325	-0.129836977	1	24.7710495	355.0387878	0.71333611	2.074549198	16.09179497	289.3956909	0.070294306	-0.000962028	2.209960938	26.33410454	0.169921875	290.4152832	-0.001396452	0.027030878	15.64990234	19.43714142
TIMER_2019_03_24_at_02_02_49_IMG_1500.jpg	Steep slope	39-1	2019-03-24	-61.92073433	-53.24364933	1250.15	235.8420258	0.061962809	-0.388886273	0.195678711	36.92198181	219.7383575	-0.13277939	0.007821314	1.08996582	22.03514481	235.2447815	-0.469799459	-0.212772593	36.70744324	218.830582	-0.006989	0.014937	2.5	24.822016	0.359985352	219.9251709	-0.010340355	-0.005193167	17.06005859	19.35054588
TIMER_2019_03_24_at_02_07_42_IMG_1523.jpg	Steep slope	39-1	2019-03-24	-61.92006033	-53.24541083	1251.09	238.3143158	0.350606829	0.305555642	0.109985352	21.94568253	237.6586609	0.002505849	-0.015087387	1.159912109	23.14969254	235.6302185	0.37534517	0.266185641	23.34767342	242.5643921	-0.012658871	-0.011278265	2.302490234	22.72473335	0.239990234	260.6371155	-0.010931163	-0.005809871	22.88000488	26.62501717
TIMER_2019_03_24_at_03_45_40_IMG_1915.jpg	Steep slope	39-1	2019-03-24	-61.91042433	-53.26989467	1281.88	233.4194794	-0.914960027	-0.375291824	0.153198242	28.53868294	230.4930115	-0.022386061	-0.034093428	1.650024414	28.99121094	230.122879	-0.827315331	-0.448264092	30.73180771	241.0292511	0.038868733	0.03016413	2.944946289	29.94859886	0.340087891	224.9038849	-0.010039611	-0.010130013	18.5300293	20.11850739
TIMER_2019_03_24_at_03_57_45_IMG_1963.jpg	Steep slope	39-1	2019-03-24	-61.909617	-53.27248267	1281.77	312.923859	-0.775099	-1.077745	0.064453	33.7241	267.982727	0.014466	0.394569	1.329956	29.560372	274.9183	0.356829	2.1686022	49.3979	262.334961	-0.042183	0.032562	3.035034	30.458578	0.57995	251.7596893	0.004142564	-0.003148448	25.33996582	29.57222176
TIMER_2019_03_24_at_04_02_27_IMG_1981.jpg	Steep slope	39-1	2019-03-24	-61.90943083	-53.273256	1277.67	188.2785797	0.927136421	0.006812094	0.931762695	76.06477356	226.4005432	-0.476539582	-0.050416272	3.599975586	50.90566254	193.5744171	0.957973778	0.013374751	75.85172272	217.0555115	0.208698124	0.251337111	4.65246582	39.85061264	2.059936523	241.9887695	0.002311188	0.017880103	14.25	16.86543083
TIMER_2019_03_24_at_05_06_51_IMG_2235.jpg	Steep slope	39-1	2019-03-24	-61.90465583	-53.288199	1144.54	32.087021	4.223975	0.852533	0.404907	57.634571	257.625305	0.316232	-0.101932	6.820068	71.752129	355.971344	-0.746842	0.990988	54.71883774	263.226746	0.039901	0.095383	3.900024	40.692444	1.380005	321.1098938	-0.019654796	-0.01073354	12.35998535	14.06056118
TIMER_2019_03_24_at_07_23_02_IMG_2776.jpg	Steep slope	39-1	2019-03-24	-61.89230517	-53.31996367	606.44	320.854	0.62888	0.147428	1.4000244	34.402	315.2055	-0.0816928	0.0343895	1.400024	26.2528	318.625	0.6	0.28406	34.9785	315.6722	-0.0953455	-0.034356288	2.775268	26.07069	0.37994	261.7257996	0.003607038	0.001371881	15.72003174	21.37603378
TIMER_2019_03_31_at_02_05_31_IMG_0195.jpg	Steep slope	69-1	2019-03-31	-61.1929835	-51.00069017	1834.02	112.176239	-3.816821337	-1.101535916	0.099975586	19.99277306	88.08334351	0.077281557	0.013708542	1.75	39.45544815	102.1268845	0.642901123	-0.247167349	34.38047028	89.91388702	0.049695052	0.005530777	3.559936523	39.77807236	0.329956055	8.725979805	-0.00196453	-0.008729769	6.320068359	8.184626579
TIMER_2019_03_31_at_02_08_22_IMG_0206.jpg	Steep slope	69-1	2019-03-31	-61.19325383	-51.00197367	1800.59	77.57956696	-4.164563656	-1.932068348	0.140014648	27.69867325	80.24757385	-0.018429961	0.028588425	1.5	32.38141632	78.25383759	1.348041654	0.489452153	32.80591202	77.67301178	-0.010194082	0.020496972	3.030029297	32.42580032	0.289916992	27.44467545	0.005639818	0.012036041	14.39990234	17.24083328
TIMER_2019_03_31_at_02_20_23_IMG_0252.jpg	Steep slope	69-1	2019-03-31	-61.194017	-51.006748	1819	255.567688	-1.947945356	-1.164759874	0.270019531	45.1854248	264.128418	-0.06198445	-0.004040982	1.880004883	40.13242722	259.3676758	0.6228984	-0.221623033	45.4890976	259.9093018	-0.006007902	-0.008350194	4.510009766	44.44490051	0.58996582	196.8961334	0.016503217	0.014950603	23.78991699	28.87641716
TIMER_2019_03_31_at_11_48_38_IMG_0441.jpg	Steep slope	69-1	2019-03-31	-61.20347267	-51.028774	2090.91	101.7363586	-1.824635983	1.359263062	0.169921875	38.80503845	84.14190674	-0.044410769	0.008349903	2.060058594	43.33931351	90.33922577	0.081305243	0.311243176	45.87173462	86.11299133	-0.036675252	0.013375795	4.020019531	43.25543976	0.439941406	341.366272	0.013843973	-0.009372952	19.64990234	24.78314781
TIMER_2019_03_31_at_11_55_06_IMG_0466.jpg	Steep slope	69-1	2019-03-31	-61.2034665	-51.03105417	2041.6	209.1342926	-1.771268845	-0.303664088	0.039916992	7.287017822	107.318634	-0.14126645	-0.076602332	0.400024414	36.72377205	225	0.073967405	-0.378772885	36.5489583	83.94673157	-0.154713675	0.013629909	1.030029297	39.73774052	0.059936523	356.4127808	0.00042175	-0.002984945	4.780029297	6.086427212
TIMER_2019_03_31_at_12_04_08_IMG_0502.jpg	Steep slope	69-1	2019-03-31	-61.20322917	-51.0343695	2055.35	268.3223572	0	-1.988246202	0.209960938	41.20602036	256.9566345	0.028232422	-0.005674811	1.75	36.17686462	264.0048523	-0.05082833	-0.420038849	33.43877411	263.6802673	0.022190304	-0.019193795	3.280029297	37.06008911	0.300048828	181.9943085	-0.002234819	0.012761339	22.73999023	32.6814003
TIMER_2019_03_31_at_12_09_06_IMG_0521.jpg	Steep slope	69-1	2019-03-31	-61.20306283	-51.036126	2120.14	262.7547607	1.181740046	0.462915808	0.510009766	57.79037476	263.6754761	-0.037738662	-0.031884246	2.229980469	44.63478851	293.6820679	-0.259833097	-0.388495922	43.5230484	264.8939209	-0.006687478	-0.004850413	3.800048828	41.27705383	0.5	181.4169464	0.001364324	-0.01474551	22.04003906	30.75880241
TIMER_2019_03_31_at_12_44_33_IMG_0663.jpg	Steep slope	69-1	2019-03-31	-61.20198483	-51.049659	2140.1	235.1470032	-0.311074138	0.419818372	0.199951172	35.01621246	248.5892639	0.004335613	-0.01526917	1.719970703	34.40472794	255.2725525	0.72737056	0.0628094	47.84011078	259.5862427	0.059594374	-0.000412632	3.010009766	32.17298889	0.540039063	208.1488342	-0.002739834	-0.007854037	17.05981445	19.92550087
TIMER_2019_03_31_at_14_08_14_IMG_1010.jpg	Steep slope	69-1	2019-03-31	-61.20067233	-51.0746315	1998.98	117.852829	2.214912176	-0.60087204	0.219970703	37.85815048	115.4350586	-0.087854967	-0.042121019	1.770019531	36.26300812	135.6667633	-0.290681362	-0.749925137	37.24522781	109.4537811	-0.025581012	-0.028516296	3.829956055	36.27070236	0.420043945	337.6307068	-0.015096666	0.018700629	22.25	26.80151367
TIMER_2019_03_31_at_14_13_26_IMG_1034.jpg	Steep slope	69-1	2019-03-31	-61.19969433	-51.07489083	1966.62	154.2435608	-0.162191227	-4.354260921	0.359985352	49.71630096	112.6428833	-0.000566179	-0.023775963	1.079956055	22.24600792	152.2399445	2.556868076	-0.034118097	47.02292633	117.9846802	-0.000902977	0.013145274	2.180053711	22.17830086	0.540039063	315.2993774	0.018761227	0.014637822	26.68005371	28.77659988
TIMER_2019_03_31_at_14_17_00_IMG_1048.jpg	Steep slope	69-1	2019-03-31	-61.19889183	-51.07529983	1908.74	44.936409	0.00720068	-1.555429816	0.099975586	21.24892807	126.5401459	0.033747535	-0.074575305	1.83996582	32.46868134	90	-2.002442122	-0.227108285	16.68255997	130.197113	0.056486282	-0.021499839	3.520019531	31.90946388	0.140014648	308.7769775	-0.012994025	-0.004925057	46.95996094	44.11061859
TIMER_2019_04_03_at_21_41_32_IMG_0004.jpg	Steep slope	81-1	2019-04-03	-61.213897	-50.71674567	1615.16	269.7281494	-10.6066	9.588985443	1624.469971	89.98587036	216.6211548	-0.272189885	-0.012387952	6.390014648	68.19655609	258.058	7.7	-1.44458	63.71	217.283905	-0.018948302	-0.023093134	8.430053711	57.88275528	2.2	222.8156891	-0.022456145	-0.013515471	25.97998047	28.63554955
TIMER_2019_04_03_at_21_43_34_IMG_0013.jpg	Steep slope	81-1	2019-04-03	-61.21344983	-50.71648733	1580.12	341.5577393	0.000631396	-1.59E-07	1585.77002	89.99085999	200.7655945	0.103604652	-0.026990287	1.380004883	27.71756363	210.9637451	0.890343666	0.659531057	27.03347778	204.6295929	0.065866031	0.015923351	2.510009766	25.28560448	0.290039063	216.0758057	0.019455779	0.000414149	29.34008789	31.46611977
TIMER_2019_04_03_at_22_07_54_IMG_0113.jpg	Steep slope	81-1	2019-04-03	-61.20983883	-50.71706933	1517.92	178.8702393	1.317350268	0.521472573	0.859985352	72.58708954	190.4563599	-0.027950961	-0.043897189	4.299926758	61.55055237	224.4538422	0.224812239	1.489553094	42.86630249	188.4755554	0.05976145	-0.022653684	6.049926758	53.53013611	0.580078125	234.4319916	0.001305426	0.010946665	14.10998535	15.92246342
TIMER_2019_04_03_at_22_28_12_IMG_0027.jpg	Steep slope	81-1	2019-04-03	-61.20724233	-50.71800567	1433.61	218.4589386	-7.400004864	-0.743423402	0.130004883	24.80703545	198.0809021	0.157886937	0.040337708	1.569946289	32.63238144	208.0157013	0.75770402	-0.040927939	24.37107086	195.4717712	0.025925333	0.009263564	3.020019531	31.74391174	0.270019531	242.2913055	0.00088722	0.018572224	18.31994629	20.56996155
TIMER_2019_04_03_at_22_50_07_IMG_0114.jpg	Steep slope	81-1	2019-04-03	-61.20493683	-50.71681933	1409.5	279.1396179	-1.765195727	-1.548984766	0.099975586	21.40214348	272.215332	0.04824239	0.043330982	0.920043945	22.85930252	256.7198181	0.587287962	0.685936034	19.45677376	267.4526672	0.017350089	0.003275232	1.479980469	19.40462303	0.180053711	193.5675201	-0.000339945	0.000653719	0.629882813	0.86728704
TIMER_2019_04_04_at_00_22_19_IMG_0229.jpg	Steep slope	81-1	2019-04-04	-61.19199767	-50.72084267	1078.36	129.2755432	-4.124425888	-0.716208458	0.08996582	19.53493309	117.438797	0.021103537	0.029826615	1.330078125	27.27169037	130.4216309	-6.083939552	0.288422853	12.50497627	118.138855	-0.007925594	-0.00740859	2.380004883	24.56853294	0.130004883	333.7308655	0.013438284	-0.007792958	18.80993652	22.49343109
TIMER_2019_04_04_at_01_13_59_IMG_0114.jpg	Steep slope	81-1	2019-04-04	-61.185652	-50.71918283	1025.66	65.71495056	-5.591287136	0.519026041	0.270019531	45.04946899	74.72758484	-0.034635134	0.005095111	1.640014648	33.97291183	78.5573349	-1.292868853	0.035669912	45.2162056	62.57843018	-0.010266038	0.011605841	3.150024414	30.95687103	0.520019531	17.00982666	0.013646589	-0.02119704	21.82995605	27.47042847
HOTKEY_2019_03_24_at_05_06_29_IMG_2233.jpg	Terrace	39-1	2019-03-24	-61.90469183	-53.28815533	1150.61	280.3231506	-1.61928308	-0.924418449	0.107543945	23.14435768	282.7325439	-0.131767452	-0.230690643	1.530029297	31.49025917	263.8902283	-1.973398447	-0.554471016	19.39000511	296.4684753	-0.099278033	-0.18023482	6.75	52.27622223	0.189941406	321.1098938	-0.019654796	-0.01073354	12.35998535	14.06056118
HOTKEY_2019_03_31_at_14_05_08_IMG_0997.jpg	Terrace	69-1	2019-03-31	-61.2011125	-51.0743615	2017.04	163.5150604	3.535092592	1.953576922	0.189941406	35.12064362	152.5602112	0.020253673	0.030704426	2.330078125	40.34024048	142.1546021	-1.041184306	-0.388007641	29.68439102	148.6403809	0.038082987	-0.032287467	5.969970703	34.67133331	0.300048828	334.5448608	-0.024026172	-0.016442327	27.80004883	30.71962357
TIMER_2019_03_23_at_18_50_09_IMG_0117.jpg	Terrace	39-1	2019-03-23	-61.91431317	-53.3233265	1278.42	202.806488	-1.131608009	0.590937078	0.049316406	10.61295319	253.3137054	0.355328202	0.025454292	1.300048828	22.47286797	187.7060852	-1.296733975	0.926342428	13.1309824	251.8417664	0.159358636	0.126830608	1.757568359	31.87957191	0.119995117	255.5226593	-0.019538002	-0.020917777	12.28991699	13.48572731
TIMER_2019_03_23_at_19_15_05_IMG_0240.jpg	Terrace	39-1	2019-03-23	-61.91075167	-53.312521	1114.52	217.8683624	-0.441343665	0.083297946	0.256225586	42.8132782	197.5142975	0.108711451	0.14090158	2.270019531	43.06259918	220.232132	-0.391955048	0.116312891	40.41599274	187.1604462	-0.005016489	0.126858801	7.354980469	39.85061264	0.450073242	204.8670349	0.000620251	-0.007606095	31.52001953	37.72328568
TIMER_2019_03_23_at_22_20_20_IMG_0586.jpg	Terrace	39-1	2019-03-23	-61.89587617	-53.24112783	1223.54	248.61102	-0.288393	3.787277	0.0675049	10.91767	133.15283	-0.141562	-0.216945	1.650024	28.735445	233.52393	-0.550692	3.270946	19.667654	120.7310638	-0.066016689	-0.105187297	4.180053711	10.76274109	0.339966	105.3076019	0.001837797	0.030140525	14.45996094	19.22605705
TIMER_2019_03_23_at_22_25_01_IMG_0610.jpg	Terrace	39-1	2019-03-23	-61.89572183	-53.23942917	1227.56	175.8886414	-6.319158077	-1.207669616	0.401977539	57.55150223	119.6285477	0.445999861	0.340751708	2.260009766	44.81784058	158.8856964	-4.13876915	-0.679911435	64.71633148	103.019989	0.154343799	0.12143632	3.647460938	21.71778107	1.130004883	76.35980988	-0.001496897	0.000370248	28.91992188	34.77757645
TIMER_2019_03_23_at_22_28_52_IMG_0628.jpg	Terrace	39-1	2019-03-23	-61.8957085	-53.23803517	1235.8	49.25341415	-1.418911576	0.107708722	0.13684082	25.77950478	29.28724861	0.201140702	-0.359855264	1.630004883	25.17946625	56.31200027	-0.512068868	-0.257858813	30.36255074	59.53226852	-0.004329231	0.122343078	3.8125	24.95788765	0.329956055	68.15067291	-0.007293343	-0.003263399	27.31005859	31.43545914
TIMER_2019_03_23_at_22_45_44_IMG_0698.jpg	Terrace	39-1	2019-03-23	-61.89620417	-53.2315985	1335.83	30.52425003	0.528550208	1.08233726	0.157592773	29.52310944	41.90707397	0.144960299	0.222730964	1.909912109	30.5200882	30.25145531	0.367425978	1.138461947	34.78565979	66.83041	0.212689	-0.0282604	7.252563	37.35726929	0.400024414	29.88949966	-0.008719714	-0.008122865	16.7800293	22.47657585
TIMER_2019_03_24_at_00_13_05_IMG_1060.jpg	Terrace	39-1	2019-03-24	-61.91118483	-53.22292383	1259.84	62.65871429	-0.925314903	-0.451835364	0.261962891	44.92374802	79.8819809	-0.02869072	-0.27286616	3.510009766	57.66307831	69.61118317	-0.852524579	-0.506470203	46.12895584	80.49759674	0.013625729	-0.135866404	5.807495117	73.28770447	0.479980469	85.20985413	0.002398195	-0.034807693	27.64990234	32.15132523
TIMER_2019_03_24_at_00_18_14_IMG_1082.jpg	Terrace	39-1	2019-03-24	-61.91235417	-53.22310083	1141.05	192.0334473	-1.626831055	1.17203331	0.315551758	53.96276474	147.2324219	0.275589973	0.084356591	2.189941406	37.81056595	183.5964966	-1.512433171	1.60631156	47.61802673	146.0680542	0.079405971	-0.064013988	4.060058594	73.03535461	0.529907227	117.3173599	-0.003601428	0.012647503	24.64001465	28.07095146
TIMER_2019_03_24_at_03_28_46_IMG_1849.jpg	Terrace	39-1	2019-03-24	-61.912093	-53.26634217	1297.83	279.5990601	0.205823079	0.055201352	0.194335938	40.76079178	250.9708862	0.150663435	0.027146189	1.41003418	31.36475945	277.0289917	0.103191994	-0.024082329	39.30398178	254.1966248	-0.047285162	0.008315452	3.552490234	60.52877426	0.380004883	249.1068115	0.007010014	0.004671471	24.35998535	29.71783638
TIMER_2019_03_24_at_04_02_42_IMG_1982.jpg	Terrace	39-1	2019-03-24	-61.9094185	-53.27325667	1278.31	202.8534088	-1.509070992	0.129799485	0.133666992	25.27910423	224.797348	0.479685694	0.251344085	2.179931641	45.01565933	214.4520416	-1.023414612	0.281166345	21.1390419	217.0555115	0.208698124	0.251337111	4.65246582	30.82665634	0.239990234	241.9887695	0.002311188	0.017880103	14.25	16.86543083
TIMER_2019_03_31_at_01_55_10_IMG_0151.jpg	Terrace	69-1	2019-03-31	-61.19235267	-50.99680433	1785.55	202.0749207	4.089825153	-0.144468606	0.130004883	26.50019646	252.5103912	-0.233113825	-0.032725897	0.359985352	8.056894302	225.0451508	-0.666623592	-0.280774385	15.31444073	279.4623413	0.013526889	0.028522108	1.130004883	27.37460136	0.150024414	199.4496613	-0.004138988	0.008626732	7.579956055	9.552997589
TIMER_2019_03_31_at_01_59_18_IMG_0170.jpg	Terrace	69-1	2019-03-31	-61.19256467	-50.99841417	1813.98	266.8201904	2.743095636	-0.62179929	0.099975586	24.28175545	302.4727783	-0.058901593	0.04256526	1.41003418	26.80281067	282.9303589	0.691027701	0.225382686	24.16551399	297.165802	-0.035269156	0.048377231	2.16003418	38.74920273	0.219970703	156.987915	-0.004991258	0.002181093	11.86999512	15.07995892
TIMER_2019_03_31_at_11_01_58_IMG_0261.jpg	Terrace	69-1	2019-03-31	-61.2021745	-51.0135555	2184.63	58.29156113	0.465346903	0.01349708	0.280029297	44.96211243	60.47116852	-0.023021359	0.134972826	1.489990234	27.92485046	67.06790161	-1.52499795	0.620099247	24.1326046	49.47286987	0.109169021	0.006331302	2.419921875	38.25580597	0.239990234	234.4829865	-0.003932939	-0.008475596	6.809814453	8.180188179
TIMER_2019_03_31_at_11_46_19_IMG_0432.jpg	Terrace	69-1	2019-03-31	-61.20348233	-51.0279885	2114.93	135	1.571348429	1.201081753	0.16015625	30.99595642	110.6499252	-0.016350251	-0.015804138	1.969970703	37.8134613	122.2867126	0.609720647	0.595432401	40.14001846	109.2621613	0.025519565	-0.001063103	3.83984375	33.66685104	0.459960938	346.3596802	0.011104971	-0.005875351	21.27001953	26.97886276
TIMER_2019_03_31_at_11_48_54_IMG_0442.jpg	Terrace	69-1	2019-03-31	-61.20347817	-51.02891717	2084.08	85.64608765	0.166305646	0.489369571	0.719970703	73.93770599	88.98561859	0.119539969	-0.006396524	8.75	75.30488586	89.31391144	-0.27343598	0.133752033	74.55362701	90.13964844	0.026743125	-0.000839519	13.60009766	34.82334137	1.459960938	346.3852539	0.01603609	-0.010903491	32.01000977	38.42664337
TIMER_2019_03_31_at_11_49_10_IMG_0443.jpg	Terrace	69-1	2019-03-31	-61.20346317	-51.028912	2077.61	86.5526123	-3.028758764	-0.036145389	1.130126953	78.16121674	80.55709839	0.033669759	-0.007189478	8.389892578	74.52319336	70.70016479	-0.012683997	0.010807477	74.90769958	87.05006409	0.006483604	-0.002384291	13.51000977	37.34428406	2	346.3852539	0.01603609	-0.010903491	32.01000977	38.42664337
TIMER_2019_03_31_at_11_49_25_IMG_0444.jpg	Terrace	69-1	2019-03-31	-61.20344317	-51.02898083	2064.1	256.0454712	-8	-7.767379761	0.140136719	11.72477722	83.15647888	-0.053439736	0.025084037	5.790039063	68.97024536	96.07743835	0.305700213	0.224022359	77.73636627	83.67311859	0.014771435	0.04582854	8.390136719	42.03754044	2.609863281	346.3852539	0.01603609	-0.010903491	32.01000977	38.42664337
TIMER_2019_03_31_at_11_49_40_IMG_0445.jpg	Terrace	69-1	2019-03-31	-61.20344867	-51.02907317	2055.93	81.74056244	2.554100513	-0.865319252	0.359863281	52.43367004	89.85380554	0.074834585	0.010292509	1.110107422	27.75544739	65.53209686	1.057246923	-0.017071065	31.13981247	97.83009338	0.03676213	0.008343338	2.75	35.15705872	0.310058594	346.3852539	0.01603609	-0.010903491	32.01000977	38.42664337
TIMER_2019_03_31_at_11_49_55_IMG_0446.jpg	Terrace	69-1	2019-03-31	-61.20346817	-51.02919467	2052.48	166.07341	-6.841489315	-2.661209106	0.149902344	17.19141006	102.817894	0.166715324	0.018463455	1.429931641	31.55230141	143.4125671	-0.259473622	-0.425939143	56.49230194	98.18645477	0.033713292	0.006313663	2.439941406	35.34547806	0.739990234	346.3852539	0.01603609	-0.010903491	32.01000977	38.42664337
TIMER_2019_03_31_at_12_05_43_IMG_0508.jpg	Terrace	69-1	2019-03-31	-61.2031535	-51.03493033	2079.67	261.8139038	-1.967717052	0.25843358	0.300048828	41.44517136	271.3513184	0.116764136	-0.029592013	1.570068359	36.50870132	262.1190796	-0.617627263	0.431313336	43.60941696	267.6376343	0.024990147	-0.000575839	3.299804688	27.28808594	0.479980469	189.9811401	-0.005320857	-0.022026293	21.55004883	28.4600563
TIMER_2019_03_31_at_12_16_20_IMG_0549.jpg	Terrace	69-1	2019-03-31	-61.20279683	-51.0387335	2159.62	155.00688	-1.264911	-3.122638	0.09008	20.2658	121.0429688	0.145037979	0.038609833	2.5	42.72769928	181.4321	-3.491131306	-2.819136858	13.723966	118.6600113	0.053974427	0.004298478	4.290039063	32.70597458	0.180176	345.67099	-0.011538588	-0.010736908	16.7800293	22.25477028
TIMER_2019_03_31_at_12_16_35_IMG_0550.jpg	Terrace	69-1	2019-03-31	-61.20278167	-51.038833	2159.21	195.85282	-6.002450466	1.549592972	0.110107	10.357485	134.0852661	0.063472852	-0.023246977	1.609863281	29.11344719	162.8626556	0.324250698	0.774785876	46.11832428	130.276123	0.067543015	0.004119082	3.820068359	24.47933769	0.599853516	345.67099	-0.011538588	-0.010736908	16.7800293	22.25477028
TIMER_2019_03_31_at_12_17_06_IMG_0552.jpg	Terrace	69-1	2019-03-31	-61.20278133	-51.03900067	2149.19	135	-0.770080507	-0.713571668	0.300048828	48.117733	140.7540588	0.043124598	-0.019142851	2.139892578	37.17991638	144.774353	1.192870498	0.239135981	39.82268143	137.987381	0.030209702	-0.00062299	3.899902344	34.14236069	0.469970703	345.6802368	-0.007925283	0.014964364	15.37011719	19.91412735
TIMER_2019_03_31_at_12_17_22_IMG_0553.jpg	Terrace	69-1	2019-03-31	-61.20275117	-51.03912283	2149.4	151.1189575	1.470903516	-2.604522705	0.559814453	56.77203751	128.6442566	-0.041829195	-0.034741823	2.030029297	35.08935165	139.2498322	0.381514698	0.322109014	54.97560883	127.0834732	0.041022271	-0.019476816	4.25	31.56211662	0.780029297	327.7872314	0.001195254	0.008456596	20.20996094	22.2681942
TIMER_2019_03_31_at_14_24_46_IMG_1080.jpg	Terrace	69-1	2019-03-31	-61.1973495	-51.07616317	1749.67	94.09272003	0	2.099582434	0.099975586	19.32197189	141.3954468	0.095610276	0.055805232	2.919921875	46.3336792	109.352272	2.574201345	0.746424675	14.8545332	132.4127502	0.031684462	0.015615122	4.959960938	45.70684814	0.270019531	308.7330627	0.019221168	0.007388122	41.13000488	39.5089798
TIMER_2019_04_03_at_21_45_23_IMG_0021.jpg	Terrace	81-1	2019-04-03	-61.21306133	-50.71625717	1563.3	259.1828918	10.76056385	-2.068497181	0.220092773	30.8963604	244.5445862	-0.045992456	0.039433368	2.070068359	37.8339119	237.7437897	0.03345675	-0.110461831	43.85183716	231.9229584	0.081182308	0.035252873	4.040039063	4.040039063	0.540039063	230.8942871	0.013247469	0.00856219	37.41003418	38.61333084
TIMER_2019_04_03_at_22_31_30_IMG_0042.jpg	Terrace	81-1	2019-04-03	-61.206824	-50.717394	1399.7	108.3649063	-19.44544601	0.664673746	0.119995117	17.52428246	204.1988068	-0.084792688	0.001868863	2.219970703	39.57036591	218.4685516	-1.354894757	-1.128484488	28.49348831	199.4562988	0.009230728	0.005121335	3.570068359	3.570068359	0.359985352	264.7945251	0.00382188	0.012245818	10.94995117	11.3842268
TIMER_2019_04_03_at_23_39_41_IMG_0056.jpg	Terrace	81-1	2019-04-03	-61.19926533	-50.72155517	1284.65	162.9098816	-1.786832094	0.948826849	0.25	45.56053543	151.2774353	-0.100534633	-0.009257636	1.669921875	30.11529732	147.5068665	0.376998603	-0.327545792	36.2580986	146.9623413	0.016432635	-0.004196548	2.829956055	2.829956055	0.380004883	310.768158	0.009381672	0.009800716	17.68994141	20.42287827
TIMER_2019_04_03_at_23_59_19_IMG_0136.jpg	Terrace	81-1	2019-04-03	-61.196028	-50.7206935	1147	188.3804016	4.939497948	-0.240413234	0.179931641	37.61629868	157.5142517	0.023930786	0.000827731	1.550048828	30.18654251	151.4978943	0.483476102	0.119142719	36.75085831	150.8134155	0.01699484	0.010692076	3.369995117	3.369995117	0.380004883	317.9995422	-0.026768573	-0.018284049	27.43994141	29.43334389
TIMER_2019_04_04_at_00_07_48_IMG_0169.jpg	Terrace	81-1	2019-04-04	-61.194626	-50.720426	1095.92	63.43095398	7.070715427	1.16E-07	1104.300049	89.99071503	20.84817505	-0.137167662	-0.071243256	1.260009766	25.20936012	28.7778511	0	-0.953301787	23.84056854	28.54057693	-0.199046388	0.016220383	2.540039063	2.540039063	0.270019531	8.406387329	-0.007401377	0.012522654	23.30993652	30.03622627
TIMER_2019_04_04_at_00_51_52_IMG_0025.jpg	Terrace	81-1	2019-04-04	-61.1883845	-50.7195735	946.7	94.27697754	-0.31404537	-1.40797627	0.269958496	45.07289505	98.95413208	-0.001249776	-0.025023334	1.859985352	39.04740524	89.5451889	0.667344868	-0.127739996	37.55175781	98.5326767	0.024050588	-0.024875	3.130004883	3.130004883	0.33996582	5.263563156	-0.004962614	0.017401362	19.86999512	28.53209305
TIMER_2019_04_04_at_01_30_46_IMG_0181.jpg	Terrace	81-1	2019-04-04	-61.183496	-50.719808	1007.6	5.69442749	-0.385128975	-0.737645686	0.16998291	36.99932098	131.4881897	0.079838827	-0.084390774	1.590026855	30.00211906	142.8743439	-0.943035066	-0.817523003	17.8117733	131.9462738	0.011016306	0.000386358	3.420043945	3.420043945	0.229980469	324.4479675	-0.020872504	-0.013581841	18.95996094	21.94166756
TIMER_2019_04_04_at_07_17_08_IMG_0116.jpg	Terrace	81-1	2019-04-04	-61.17885933	-50.6922015	793.1	9.569740295	3.011083126	0.54577595	0.570007324	67.45106506	42.97781754	-0.100881733	0.101983577	3.150024414	47.77815247	7.892440796	-0.439651996	0.56899184	51.88409042	40.45003128	-0.030027777	0.025763361	5.530029297	5.530029297	0.610046387	26.62687111	-0.012290122	0.007437328	17.83001709	21.33740234
